//czasowy przebieg sygnalu
0.931174
0.912272
0.952206
0.904885
0.992129
0.942221
1.01366
0.989114
1.12425
0.896744
1.0643
1.0606
1.01008
0.998993
0.936237
0.862486
1.06848
1.03027
0.985935
0.884178
1.12215
1.07186
0.984263
1.03277
1.00694
1.03066
1.05527
0.929847
1.08197
0.963451
0.970447
0.987467
0.993859
1.02363
0.959478
1.08028
0.933912
1.0051
0.971369
0.969572
1.03645
0.970439
1.11057
0.888456
0.899499
1.17353
0.99761
1.03743
1.08465
0.926553
1.08628
1.01851
1.13067
1.01799
0.963425
1.05153
1.12751
1.16535
0.928133
1.0589
1.05274
1.0903
0.866463
0.952757
0.980121
0.895766
0.924782
0.897043
0.985682
1.03593
1.01725
0.889457
1.01616
1.01276
0.968315
0.999511
1.20429
0.956295
0.972244
0.966707
1.12539
0.931952
1.06355
1.11209
1.03929
1.14185
1.01946
1.13322
1.13042
1.10805
1.00047
1.06119
1.08143
0.979187
1.17316
1.01169
1.15831
1.14757
0.975344
0.972579
1.06608
0.911674
0.909808
1.13923
1.03899
0.957743
0.968728
0.898335
0.944426
0.895775
0.986402
1.03333
0.95951
0.997248
1.04985
0.948963
1.0261
0.932202
0.995157
0.991245
1.01507
1.08195
1.03964
0.939799
0.880379
0.872124
0.984331
1.00473
1.12232
1.00437
0.99529
0.999111
0.910134
0.974438
1.06668
1.09761
0.937725
0.856634
0.997997
0.987993
1.06153
1.06441
1.17453
1.12724
1.06292
1.13764
0.950777
0.977269
0.867648
0.980766
1.09731
0.96746
1.13087
0.923041
1.10733
1.113
1.04755
0.936267
1.11877
1.08366
0.878268
0.890606
0.950821
1.06564
0.97701
0.953935
1.13732
0.85571
1.11036
1.02335
0.945088
0.998307
1.09359
0.965759
0.987235
0.980249
0.862565
1.1631
1.11208
0.875365
0.912278
1.01442
0.962154
0.992941
0.899082
1.07526
1.0061
0.901651
0.945483
0.990517
1.06342
0.98011
0.966126
1.07449
1.0466
1.04057
0.967332
1.17906
0.907629
0.965321
1.06712
1.07594
1.03232
1.04276
1.04356
1.13966
1.01385
0.986229
1.03668
1.05908
0.895148
0.954816
1.08153
1.048
1.06779
0.906333
1.00812
0.943954
1.02514
1.06246
1.02438
0.92586
1.06116
0.977441
1.03756
0.978535
1.121
1.08791
0.876632
1.05363
1.0372
1.13089
0.982039
0.924315
0.88538
0.904934
0.887797
0.993342
0.950291
0.944251
0.914678
0.942295
1.03927
1.04888
1.02711
0.982417
1.05783
0.888858
1.03601
1.03372
1.00828
1.03267
1.13073
0.877745
1.03797
0.978717
0.972827
0.996609
1.00448
0.994263
0.946933
1.10256
0.923464
1.00998
1.05029
0.891518
0.98649
1.06034
0.968932
0.975096
0.975074
1.0402
0.927457
1.1354
0.900089
1.13315
1.10146
0.989328
1.1763
1.04457
1.14071
0.92025
0.99814
1.03144
0.945835
1.08285
1.00206
0.994034
0.948802
1.04182
1.0136
0.956261
0.897506
0.864351
1.13784
1.04653
1.04703
1.01851
1.09269
1.09851
0.827913
0.977897
0.995647
0.917144
0.998368
0.966267
1.02
0.931877
1.03727
0.927548
1.04725
1.12282
0.884405
0.91655
0.965895
1.03017
1.03623
1.0319
0.908549
1.07698
1.02105
0.991651
1.04364
1.00054
0.99143
0.97929
1.10978
1.03731
0.902221
1.12797
0.896728
0.94272
0.972219
0.976192
1.0784
0.942636
1.09519
1.09431
0.995352
0.982525
1.04183
1.09318
0.970862
0.900001
0.978148
1.02951
0.949603
0.926508
1.03189
1.00368
1.12656
1.05779
1.06532
1.0262
1.02549
1.04171
1.01535
1.04588
1.08271
1.00013
0.953895
0.94176
0.844304
0.948378
1.05087
0.882658
0.94912
1.02097
1.01331
1.02439
0.938928
0.917557
0.916739
1.02733
1.01129
0.973694
1.0422
1.14976
0.919072
1.03786
0.958061
0.887903
0.884258
1.07187
1.00059
1.16017
0.9551
1.13567
1.06837
1.03951
0.948053
1.01129
1.00271
1.05768
1.04479
0.95784
0.833665
1.04328
0.979672
1.011
1.00295
1.01607
0.97106
0.979535
1.0093
1.00025
0.988211
0.992497
1.04523
1.05244
0.956612
1.1049
0.851429
1.00854
0.897449
0.959878
0.973013
0.987303
0.955071
0.95272
0.85208
0.960077
0.962879
1.00225
1.17335
0.873636
1.04433
1.10876
1.02518
0.927772
0.908151
1.04928
0.885992
1.0734
1.01625
1.07018
0.883468
0.964381
0.965249
0.946711
1.1054
0.903085
0.979191
0.918419
0.906325
0.949787
0.967331
0.977048
1.11173
0.990257
0.969163
0.882882
1.04033
0.925307
0.829738
0.985288
1.02819
1.06117
1.02836
1.02578
1.06598
1.01646
0.987716
1.00669
0.968729
0.927766
1.07914
1.08335
0.987664
1.0066
1.11817
1.10991
0.868004
1.01797
1.07734
0.923622
1.05679
1.04352
0.985998
0.950075
1.10592
0.947452
0.969507
1.10195
1.04019
0.836615
1.09217
1.11253
1.11614
0.86478
0.966336
0.947949
1.1026
0.953314
1.00362
1.04673
0.939156
0.918887
0.986803
1.02075
0.913582
1.00208
1.07189
0.904001
0.936076
1.07507
0.980463
0.988555
0.954995
0.976319
1.12279
1.07327
1.02663
0.930843
1.10715
1.05299
0.978194
0.999589
0.973039
1.06951
0.893625
0.849854
1.01083
1.06215
0.879052
0.995747
0.872684
0.941061
1.03481
0.980686
1.0864
1.03746
1.03001
1.09019
0.939018
0.927477
1.01714
0.948162
0.946195
0.962899
1.11169
0.893026
1.01423
0.860604
0.963531
0.931749
1.03356
1.07157
0.928018
1.10981
1.0421
1.01809
0.970126
0.986799
1.0097
1.0043
0.974104
1.01495
1.02251
1.16786
1.09958
0.934542
1.09473
1.01704
0.945819
0.969599
0.96009
0.954505
0.930423
0.958139
0.985305
0.962424
1.04085
0.923675
0.871613
1.10764
0.99801
1.09916
1.07651
1.0319
0.98161
1.01092
1.04497
1.06308
0.995237
0.942629
1.01841
0.961393
0.921931
0.958189
0.898382
1.05456
0.932849
0.928711
0.974616
0.945988
0.913574
0.944269
1.04536
1.02275
1.01452
0.944287
1.06062
1.01099
1.01911
1.04352
0.977895
0.911822
1.05724
0.879689
1.094
0.891109
1.02699
0.997196
1.0588
0.888747
0.911883
1.01322
0.884738
1.03795
0.928649
1.08405
0.970033
0.86958
0.971179
1.0225
1.10859
0.94058
1.15415
0.980667
0.921006
1.00113
0.949084
0.900812
0.952154
1.04331
1.10688
0.962708
0.980688
0.99194
0.910125
0.940372
0.959686
0.926278
0.960128
0.935404
0.966482
1.08321
1.00041
1.03774
0.868592
1.01294
1.00735
1.05894
1.00204
1.03749
0.914361
1.02953
1.18326
1.07199
0.987673
1.09499
1.00769
1.08577
1.04053
1.06141
0.887323
1.1108
0.950255
0.895871
0.984479
0.984912
0.927553
0.968365
0.912894
1.15119
0.955571
1.01889
0.88325
1.00825
0.921873
0.938753
0.9058
1.02149
0.96518
0.916297
1.06536
1.02116
1.08706
0.957462
0.9197
1.13831
1.01884
0.983782
0.95947
1.05324
1.21124
1.08545
1.13388
1.07399
0.975329
1.06279
0.970462
1.0733
1.07369
0.989321
1.07026
0.949825
0.972325
0.920497
1.07313
1.08023
0.969903
0.882742
0.951773
0.993067
1.09977
0.921642
1.10317
1.05726
0.917081
1.03797
1.00524
0.924341
0.91327
0.972263
1.03909
1.16231
1.07936
0.876095
0.994232
0.878987
0.938968
0.903446
0.885805
0.886025
1.02419
1.04797
0.904074
1.07359
0.968192
1.0021
0.974612
0.943195
1.15328
1.0226
1.05611
0.959844
1.1104
1.06218
0.943904
1.04026
0.890409
1.09781
0.862018
1.02796
0.941961
0.946071
1.06124
0.976862
0.977331
0.968934
1.00699
1.07335
1.00076
0.951355
0.972937
1.13127
1.06231
0.856926
0.878617
0.947652
0.9032
0.996309
1.07933
1.06675
1.12114
1.02955
0.933998
0.858635
0.981818
0.995857
0.981485
0.992887
0.896905
1.03055
0.960929
1.02951
0.967166
1.02929
0.998109
0.880938
1.16019
1.17809
0.987058
1.05941
1.02355
1.09699
0.87055
0.9405
0.999897
0.856508
0.999412
0.993518
1.07169
0.951588
0.895964
0.943256
0.846919
1.04259
0.996283
0.988789
0.91872
0.958709
0.921912
1.05237
1.14901
0.950477
0.907957
1.07067
0.995298
1.04898
1.09675
0.930413
1.18582
0.995463
1.00445
1.00552
0.885311
1.19442
0.861022
0.969
0.935594
0.949493
0.952246
1.07846
1.00521
0.99472
1.03336
1.03262
0.989682
1.01043
0.887982
0.919269
0.830822
0.869448
0.925367
0.971876
0.97706
1.0738
0.97971
0.888131
0.942965
0.898862
1.139
0.944384
0.940416
1.02663
0.918572
1.12794
0.959463
0.997478
0.980722
0.956948
1.05615
1.07332
0.886624
1.05172
1.00039
0.94761
0.987215
1.14424
0.924403
1.01677
0.951789
0.926658
1.03733
1.12228
1.06764
1.01157
1.07122
0.951387
1.06057
0.919091
0.969029
0.867087
0.944862
0.977755
0.947584
1.04293
1.00765
0.829539
0.889729
1.02808
0.984579
1.02673
0.985124
1.05098
1.07162
1.03211
1.09532
0.996101
0.955899
1.05255
0.997196
0.942943
1.00158
0.971556
1.19276
0.905585
1.07295
0.962324
1.04137
0.853992
0.879196
1.09393
1.0782
0.937444
0.877351
0.947644
1.02972
1.03879
1.03145
1.09815
1.04494
0.924761
1.05102
1.11097
1.12283
0.919083
1.00651
1.00414
0.987463
0.904869
0.999191
0.968141
1.00735
1.14069
1.06034
0.95602
0.946671
1.07769
1.00088
0.939382
0.991107
0.974484
0.913318
1.01009
0.95337
0.906569
0.872604
1.01392
0.951588
0.947762
1.04229
0.984728
1.03295
1.06617
0.978981
0.925485
0.926878
1.13253
1.00001
0.979226
1.00645
0.933426
1.05217
1.029
1.01624
0.942959
0.99074
1.04518
1.02565
0.985459
1.03771
1.09419
1.09563
1.13499
1.05014
0.970912
1.05385
1.08086
1.03767
1.02793
0.96311
1.00052
1.13152
0.88756
0.891214
1.05516
0.978156
0.945932
0.986863
1.1083
0.982028
1.03288
0.893176
1.07954
0.924805
1.03603
0.998497
0.992697
0.966646
0.961777
0.978546
0.902435
0.90466
1.17435
1.13003
1.02775
0.945951
0.95137
1.01077
0.901146
0.982174
1.01616
1.09301
0.964133
0.844016
1.00765
1.14889
0.985274
0.882031
0.917411
0.944651
1.03738
1.0505
1.06243
0.935319
0.998693
1.12604
1.13453
0.945846
1.03256
1.07282
0.919976
0.998556
1.1137
0.992894
1.05204
0.948431
1.09573
1.01714
1.10756
1.0129
0.955005
0.911698
1.0612
0.983817
0.903468
1.0379
1.08564
1.17223
0.990029
0.925454
1.06637
0.933864
1.00188
0.972099
1.08503
1.111
0.956893
1.17373
0.978855
0.963157
1.04741
0.927776
0.977338
0.952031
1.0025
0.878118
1.01315
1.06622
1.0299
0.844096
1.14399
0.898874
1.1806
1.16059
1.00178
0.998202
1.01729
0.942466
1.05882
1.06112
0.995392
0.99353
1.15334
1.04497
0.90326
1.06544
1.04488
1.00962
1.07804
0.941368
0.979566
0.930305
0.954631
0.985311
1.11809
0.989411
0.939681
1.09957
0.998476
1.04469
1.07353
1.12233
1.05801
0.970529
1.04489
0.916256
1.11931
0.986738
1.05071
1.06338
0.940848
0.969572
1.03436
0.924295
1.01022
0.962343
0.909183
0.843257
1.12205
0.883394
0.957257
0.97663
1.01269
0.94848
0.980626
1.01188
0.933896
1.10079
0.872489
1.07986
1.05286
1.01415
1.02286
0.987751
0.979079
1.17337
0.960045
1.06989
1.02739
1.08803
0.953196
0.939149
0.991342
0.88669
0.923813
1.12645
0.965358
0.962928
1.02031
1.00996
1.07368
1.11662
1.06962
1.01562
0.977323
1.02888
1.08632
0.963469
0.98372
0.852208
1.03044
1.04353
1.15391
1.00781
1.13977
1.06199
0.874809
0.97429
1.07506
1.07709
1.05415
1.07538
1.05827
1.04516
0.951937
0.975059
0.953757
0.946804
0.967841
1.08603
0.948773
1.03406
0.905334
0.94309
1.02603
1.03504
1.01734
0.912908
0.912013
0.936592
1.05323
0.885187
0.931346
1.13308
1.15885
1.05819
0.972058
1.0188
1.02841
1.09207
0.961037
0.96504
0.886465
1.05542
0.927143
1.16663
0.972377
0.928381
0.981421
1.08523
1.03453
1.02323
1.0667
0.872279
1.17292
0.931032
1.00419
1.10439
0.998573
0.988966
0.989263
1.17929
1.04932
0.988385
0.870102
1.06089
0.991405
1.02281
1.07512
1.03845
1.00104
1.02634
0.999972
1.01917
0.918693
1.05005
0.957519
1.13185
1.0459
0.874724
1.06895
0.884852
1.10516
0.966019
0.983492
1.15902
0.988055
0.919867
1.01255
0.881557
0.929557
1.12028
0.960836
0.944985
0.898002
0.919153
1.0344
0.913605
1.01739
0.992376
0.983356
0.914951
1.08389
0.898968
1.03929
1.15221
0.85135
1.05278
1.00145
1.03984
0.967441
1.12367
1.00533
0.963322
1.00988
0.96086
1.05654
1.00019
0.996637
0.975476
0.994116
1.1396
1.00141
1.02302
1.02673
0.928079
0.968995
0.991542
1.00248
0.997537
1.03161
1.00442
0.879462
1.21207
0.898112
0.986545
1.04216
1.113
0.934971
0.991787
0.987301
1.09289
0.906915
0.921601
1.03135
1.10083
0.960372
0.92392
1.025
0.957533
1.10158
0.953018
0.916426
0.959144
0.980552
0.963689
1.08171
1.06248
0.877358
1.07522
1.12759
1.04451
0.97275
1.02816
0.893316
1.03713
1.06149
1.05537
1.16999
0.982637
1.03307
0.95225
0.864917
0.993308
1.05188
0.923954
1.12484
1.06303
0.942014
0.896962
1.04957
1.01617
1.02981
0.869097
0.918992
0.960619
1.0462
0.860299
1.07872
1.04135
0.937653
0.971706
1.00026
0.9517
1.07204
0.998511
0.980698
0.974557
0.952483
0.991292
1.06051
1.14777
1.03687
0.963893
0.912051
0.898832
1.05407
0.92392
1.11629
0.955159
0.897419
1.05904
0.963962
1.08576
1.09018
0.987274
0.946466
0.966592
0.901705
0.912616
0.858797
1.01688
1.02271
0.942416
0.950108
0.948153
1.1491
0.984939
1.00307
0.943175
1.06875
0.998592
1.06887
1.01786
1.00484
0.9005
0.888136
1.15238
1.03181
1.00266
0.988963
1.01007
1.07581
1.08375
0.948687
1.03971
0.994262
0.904736
0.947397
0.925635
0.944596
1.05478
1.0314
0.948089
1.01039
0.997507
1.12191
0.967535
1.02034
1.08924
1.01763
0.97483
0.941556
1.03951
1.08659
0.946905
1.01547
1.1844
1.00875
1.10037
0.966072
1.01924
0.845551
0.96952
1.0092
0.991724
1.08411
1.01574
1.01197
0.958771
0.990071
0.956075
1.03782
0.983339
0.863893
1.07488
0.989249
0.922034
1.01155
1.09267
1.1304
0.901861
0.979982
0.986945
1.10543
0.843943
1.01538
0.937782
0.996052
1.07069
0.992663
0.971259
0.94826
0.962607
0.98506
0.957711
1.08528
0.90757
1.04543
1.07662
1.07417
1.02762
1.0729
1.14522
1.1237
1.08693
1.08142
1.08516
1.06334
1.00412
1.02803
0.980832
0.878959
1.05755
0.93333
1.05841
0.884907
1.00221
0.927973
0.98273
0.990374
1.13708
0.881141
1.05538
0.9257
1.10558
1.04994
0.990829
0.993487
0.996654
0.896873
1.01093
0.902898
1.15833
0.930441
0.948169
0.988103
1.02273
1.00123
0.897546
0.956045
1.00368
0.868913
1.07603
0.950007
0.999865
0.920846
1.00935
0.915793
0.96739
0.99624
1.01954
1.12955
1.08176
0.891709
1.03565
1.01223
1.08618
0.947611
0.974716
0.983602
1.0693
0.881055
1.05519
1.00939
1.06473
0.970293
1.0035
0.92832
0.947406
0.926071
0.892741
0.958694
0.981142
1.07177
1.02915
1.05675
0.906147
0.986822
0.997527
1.01783
1.02439
1.00716
0.905851
0.976789
1.10969
0.971512
1.18717
0.895886
0.88505
0.901572
0.970211
0.908973
0.968861
0.838632
0.99962
0.970919
0.950119
1.02271
1.00314
1.1374
0.993522
0.998034
0.879241
1.014
1.04784
0.979467
0.969932
1.07872
0.974502
0.939545
0.934942
1.05586
1.12292
0.993912
1.03396
0.969961
0.992687
0.994563
0.876028
0.880787
0.8577
1.10814
1.06714
0.97017
1.06025
1.09932
0.925078
0.894747
0.969123
0.929047
0.929843
0.865666
1.02168
1.01781
1.01533
0.846817
1.00866
0.918826
0.932471
1.04027
0.996289
0.94178
1.04699
1.02453
1.0722
0.898294
0.907004
1.05849
1.06814
0.86761
0.857358
1.05284
0.956866
0.947454
1.0147
1.14761
0.990277
0.832798
0.993553
0.986976
1.01964
0.975264
0.969269
0.910955
0.872497
0.975146
0.929114
1.02459
0.846785
0.911894
0.931333
0.873815
1.17078
1.04827
0.932036
1.02204
1.11589
1.1193
0.9736
1.03402
1.04061
1.00594
0.992305
0.977974
1.03461
1.02708
1.1503
0.918802
0.960568
1.01401
1.01399
0.938023
1.05937
0.932949
0.987494
0.847563
1.07761
0.985438
0.98396
1.1067
0.961183
0.856626
0.969197
1.08583
0.986417
1.18961
1.18346
0.964115
1.02053
0.976249
0.952666
0.967451
0.969384
0.875953
0.961055
0.977331
1.00536
0.861782
1.10215
0.932625
1.00812
0.991237
1.05197
0.901237
1.05107
1.07617
0.88397
1.18276
0.994312
1.0881
1.04046
0.974883
1.09194
1.02295
0.986866
1.04382
0.987543
1.04771
1.00519
1.04378
1.07366
1.18244
0.937318
1.10447
1.00043
1.15599
0.970405
0.971253
0.97914
0.869659
1.12454
0.957922
0.851977
0.920244
1.02352
1.08487
1.0317
1.02659
0.931202
0.975617
1.02472
1.08519
0.989763
1.11165
0.851752
0.951729
1.02565
1.0768
0.888724
0.956794
1.10019
0.99066
0.968541
0.948053
1.06757
0.966798
1.06636
0.95908
1.01365
1.02516
1.11439
1.13496
0.948254
1.06018
0.976027
1.01994
0.912781
1.02989
0.990127
0.919808
1.14309
0.98513
0.969528
0.954646
1.16238
0.992867
1.02483
1.0049
0.985555
1.03088
0.970265
0.924941
1.18667
1.00615
0.99157
1.04855
1.01249
0.938558
0.894461
1.05538
1.06922
0.989666
1.03026
0.907345
0.964308
0.904104
1.019
1.06534
0.927668
1.02177
1.07144
1.08805
1.04568
1.18941
1.0224
1.0563
1.09371
1.15571
1.0681
0.965232
0.922549
0.868581
1.10685
1.00911
0.914624
0.964876
0.967032
0.924325
1.03637
1.0637
1.04382
1.06739
0.987507
0.910973
1.02237
0.918197
1.05493
0.930199
1.18886
1.00498
1.1518
1.03389
0.891256
1.02714
0.896265
0.896227
0.995342
0.887142
1.01069
1.08322
0.891567
0.890494
1.07653
1.07165
1.05873
1.0751
0.897843
1.02931
0.91032
1.01534
1.06307
1.07804
0.922792
0.947173
1.00474
1.03628
1.01547
1.11159
0.937399
1.0536
0.942283
1.0962
1.03217
1.00111
0.929625
0.98309
1.11571
0.900846
0.913236
1.1767
0.965803
1.09973
0.855083
0.94709
0.993501
1.09327
0.984304
0.963954
1.04917
1.1618
0.996422
1.13205
1.08249
1.08601
1.0608
0.915003
0.887183
1.11128
1.0137
0.895478
0.987836
0.986163
0.995618
0.90951
1.03426
1.06504
1.01721
0.969688
1.02596
1.21035
0.884963
1.14998
1.02378
0.986794
0.978747
1.02741
0.906949
0.998166
0.976121
1.14392
0.916698
0.871442
0.876192
1.0843
0.945229
0.881596
1.03379
0.971964
1.0466
0.974919
0.975433
0.934857
1.09034
0.897693
1.09849
0.991994
0.959664
1.07352
0.98119
0.972168
0.878487
0.940435
0.968347
1.16039
1.04326
0.902859
0.933363
0.91854
1.08552
1.00646
0.903296
0.970965
0.938402
0.9129
1.02851
1.05297
0.996512
1.02471
0.959758
1.19379
0.935383
0.926003
0.920204
0.944947
0.939136
0.987189
0.953624
1.12184
0.995686
0.967937
0.936675
1.08243
1.04329
0.881578
0.900625
0.988801
1.08171
0.978084
0.978395
1.12397
1.04601
0.984455
1.04529
0.901134
1.16884
1.15486
1.04672
1.04702
1.04693
0.881639
0.951879
1.00608
0.969311
0.976852
0.988351
0.99306
0.9352
1.14831
0.99218
1.00949
1.17238
1.05059
1.00529
1.09574
0.959386
0.880799
0.927537
1.11547
0.899215
1.11204
1.13017
1.19644
1.0664
1.01198
1.11262
0.925557
1.1885
1.11409
0.93644
0.897638
0.99629
1.02576
0.895092
1.09823
1.14126
1.02923
1.00942
0.973746
0.91377
1.13624
0.961224
0.867587
1.02139
1.00881
0.860577
1.00078
1.13782
1.01835
1.03917
0.954894
0.87589
1.09398
1.12157
1.14411
0.955478
1.02552
1.00587
1.19008
1.10651
1.06236
1.00468
0.923434
0.977274
1.03464
0.977198
0.874985
1.13086
1.00002
1.02194
1.02857
0.83875
1.04336
0.956665
0.883077
1.14059
0.958094
0.966814
1.03905
0.939919
1.01287
1.09902
0.90758
1.01776
1.19977
0.940475
0.954107
0.924278
0.898984
1.0289
1.04844
1.13425
0.877293
1.08957
1.08934
1.07156
0.918832
0.942592
0.949642
0.93853
0.861319
1.06921
0.904912
0.960733
1.01764
0.949808
1.05138
1.17604
0.950719
0.870982
0.937026
1.06899
0.937146
1.07562
1.03362
0.987294
1.09519
0.971523
0.901974
1.02724
0.957471
1.0994
1.13954
1.0232
1.08637
0.939276
0.952861
1.15359
0.987786
0.948111
0.915528
0.937429
1.01224
0.867385
0.912439
1.00164
1.06886
1.02934
1.02759
1.11225
0.953785
0.954258
1.00199
1.04581
1.01551
1.14982
1.16777
0.988764
0.880084
0.999888
0.914965
0.961636
0.91781
0.999466
0.996228
0.879399
0.974842
1.0421
0.95665
0.954885
0.999036
0.981204
0.932207
0.979835
1.11551
0.83709
0.921501
1.06074
1.02519
0.972991
1.08397
0.93509
1.07919
1.07391
1.08816
1.08434
0.881413
0.871126
0.986747
0.960365
1.0321
0.933054
0.994814
0.935897
0.947096
0.916705
0.986076
0.951226
1.0857
1.18084
0.879803
1.11312
0.853751
0.993804
1.05884
1.01067
1.11815
1.07858
1.00403
0.913691
0.885999
0.975976
1.0311
1.02935
1.05698
1.04079
1.13886
1.02452
0.993641
0.976553
1.0412
0.915984
1.09447
1.02377
1.00514
0.913943
0.87905
1.12991
1.09231
1.03284
0.927009
1.05971
1.06447
1.00859
1.07991
0.983811
1.15111
0.936188
1.0696
0.975197
1.07913
0.890847
1.08186
1.00684
0.897659
0.98005
0.886204
0.963062
0.883819
0.989574
0.985323
0.953529
0.973154
0.911964
1.0788
0.955466
1.09773
1.03971
0.878961
0.957623
1.08847
0.858894
1.01666
1.03521
0.870273
1.02994
0.993389
0.91063
0.981491
1.05508
0.836626
1.18924
1.00824
1.14811
0.94547
1.03854
0.953616
0.873552
0.891648
0.894921
1.10776
1.02771
1.11332
0.958707
1.03135
0.970295
1.14222
0.957942
1.02772
1.1394
0.999555
1.01993
0.939032
0.895777
0.914938
0.900299
1.12806
0.938205
1.15306
0.8985
0.907633
1.02596
0.948525
1.11598
0.929284
0.924857
1.05274
0.905361
1.0493
1.0018
0.856628
1.01372
0.970899
0.998622
0.995432
0.937756
0.956522
1.08597
0.856783
1.04087
0.992409
0.985372
1.10681
1.05252
1.04888
0.976681
0.997251
0.929787
0.988877
0.903111
0.907964
1.01785
0.930625
0.996371
0.92142
0.939086
0.901173
1.06402
1.07388
0.974967
1.02077
1.14576
1.16284
1.09844
1.01101
1.17727
1.1167
1.0536
1.00817
0.98421
0.965214
1.00658
0.974963
0.933866
0.949156
0.939966
1.06198
1.16603
0.854383
0.9805
0.998658
0.993651
0.938852
1.18367
1.0164
0.878285
1.1311
1.05772
1.07837
1.00216
1.0236
0.953358
0.991304
0.89895
0.910492
0.913778
0.860902
1.11896
0.984061
1.02892
1.1188
1.04628
1.02281
0.922898
0.990346
1.06144
0.940147
1.14757
1.06619
1.02661
0.932604
0.995029
0.971798
0.902961
1.03753
0.971819
0.953913
0.873812
0.970107
0.967617
1.06822
1.02249
1.10578
0.978285
1.00887
1.03717
1.07039
1.06346
1.08166
1.00702
0.99098
0.989431
0.969944
1.05283
0.865912
1.07798
0.991652
0.984477
1.00676
0.921234
0.937344
0.922391
1.01205
0.939181
1.02774
1.12556
0.890369
0.998625
1.06436
1.12452
0.95501
1.06516
1.0202
0.923445
1.02661
1.01561
0.926924
1.07189
0.985964
1.00708
1.14745
0.974405
0.971663
0.982607
1.00071
0.996524
0.983155
1.07884
1.11877
0.957172
0.991668
1.0845
1.06619
0.952718
0.899442
1.04129
0.943563
1.01353
0.988785
0.998108
0.879293
1.13077
1.09537
1.07527
0.979239
1.00775
0.963505
1.00181
0.989211
0.913749
1.09848
1.06792
0.925989
1.05215
0.850636
1.03417
1.00733
0.903834
1.09565
0.962733
0.936453
0.937037
0.869699
0.87171
1.05612
0.968765
1.12791
1.02916
0.840446
1.04313
0.913356
1.03163
0.941449
0.876352
1.01875
0.951858
0.897116
1.01418
1.07298
0.978948
1.07738
1.10095
0.940154
1.03097
1.07562
0.969687
0.926748
0.896902
1.08432
1.10959
1.04704
0.903748
1.0051
0.939899
1.00371
1.13566
0.918863
1.03748
1.021
1.05518
1.01742
1.04306
0.86793
1.00478
0.876027
1.11076
0.914794
1.01442
0.900902
1.09138
1.08275
0.970941
0.985276
0.949109
0.915161
0.936456
0.990796
0.966014
1.05385
1.11762
0.946189
0.957778
0.93306
1.20007
1.01137
1.09617
1.06625
1.00235
1.08981
0.863138
1.07277
0.957504
1.12361
0.910574
1.05882
0.923289
1.01003
0.961858
0.96735
0.891487
0.956265
0.971678
1.09656
1.03902
0.960597
0.917115
0.859416
0.998776
1.07221
0.984269
0.884743
1.00154
1.05916
0.966523
0.99771
0.954583
0.903486
1.08061
1.03845
0.986974
0.95191
1.06393
0.874552
1.0662
0.931487
0.904274
1.06405
1.17654
1.12582
0.93888
0.920614
1.08018
1.04152
1.02434
0.931152
0.97824
1.07188
1.06308
0.882121
0.94497
1.06624
0.979148
0.872697
0.978768
0.97854
1.04599
1.08391
1.06921
0.98054
0.8452
0.957377
1.05721
0.952324
0.8587
0.976646
1.04819
1.15062
0.946993
1.08243
0.927189
0.990111
0.900105
0.973361
1.06731
0.990915
0.998805
0.970256
1.0249
0.892624
1.02863
0.955434
0.901186
0.946623
1.17757
0.997907
0.993348
0.995542
1.04137
0.986223
1.01973
0.872867
1.10536
1.20623
0.922726
1.09304
1.01942
0.851233
1.05321
1.08043
0.981071
0.989071
1.00111
1.17028
0.902826
1.09578
1.16847
1.15421
1.02979
1.0609
0.905658
0.907776
0.914834
0.956615
1.04988
1.04497
1.17717
0.878151
0.998535
1.02908
0.970654
0.98394
1.01211
1.12868
1.03472
0.847361
1.15443
1.05458
1.10283
1.00995
0.950651
1.12521
1.05942
0.929215
0.952544
0.995309
0.912269
0.92477
1.10795
1.13337
0.982643
0.892485
1.04229
0.991643
1.02139
1.09356
1.14036
1.13027
0.974173
1.00795
1.03502
0.906552
1.03228
0.929717
1.08261
0.885196
1.12573
1.03315
0.957997
1.13792
0.826134
0.933428
0.996723
0.877269
0.91384
0.985638
1.07077
1.17957
1.01214
1.06371
0.840965
1.00313
1.16726
1.10639
0.850595
1.05121
1.01454
1.0261
0.869297
1.04527
1.03084
1.06438
0.929416
1.2078
0.945077
0.974582
0.966705
1.02607
1.1578
0.937627
0.917912
0.946632
0.879304
1.03423
1.1276
1.09457
1.00505
1.06565
0.996846
0.947769
1.08315
0.978497
1.16866
0.966438
1.05479
1.07955
1.04267
1.1051
0.997573
1.04541
0.961613
0.96779
1.0572
0.906015
0.893445
1.00311
1.09362
1.00617
1.11251
1.02734
0.990065
1.01031
1.15818
0.927515
0.83917
1.0186
1.07257
0.927349
1.02155
0.863832
1.01872
0.941416
1.01804
0.97916
1.12583
1.00053
1.05876
0.936487
0.954206
0.998106
0.988779
0.991754
0.988789
0.98453
0.944862
1.11118
1.06713
0.974154
1.06298
0.982378
1.08887
1.02536
1.15236
0.898712
0.9563
1.05312
0.87625
0.990002
1.06991
0.96509
0.941122
1.02101
1.00782
0.892295
0.928014
1.02225
1.09273
0.972476
1.13441
1.00426
1.03041
0.901481
0.865924
1.01024
1.02252
0.915573
0.949467
0.948316
1.1415
1.04555
0.88298
1.00246
1.04476
1.07153
1.05182
1.06114
1.03256
1.07055
1.11181
1.02007
0.934563
1.13732
0.925952
1.16142
0.989005
1.01483
1.01479
1.09966
1.00947
1.02129
1.01078
0.983347
1.0288
0.936303
0.994735
1.13666
1.00216
0.877306
1.02074
0.916106
0.972898
0.920298
0.90075
0.953649
0.982476
1.05982
1.01945
0.948242
1.18274
1.00367
0.966402
1.04835
1.00658
0.979113
1.12129
1.02518
1.08468
1.07105
0.955
1.05966
1.03945
1.04284
1.06859
0.96933
1.11821
1.00448
0.986466
0.932053
0.993717
1.14731
1.04247
1.1779
1.04455
1.15718
0.972574
0.989445
0.958965
1.04406
1.03955
1.01232
0.976429
0.925884
0.879731
1.07358
0.978508
0.992504
1.01159
0.941409
0.959389
0.951585
0.981947
1.01582
0.999247
1.00666
1.06857
0.921266
0.831646
0.984494
0.957541
0.904713
0.909512
0.956515
0.98396
1.07812
0.938859
1.16497
1.0079
1.02613
0.902834
1.0799
1.01555
1.11243
0.873586
1.05247
0.858229
1.16301
1.04814
0.906312
1.03809
0.909099
0.903094
1.03861
1.03139
0.943809
1.20445
0.920916
1.04139
1.04473
1.00605
1.05295
0.979157
1.06291
0.958254
1.09179
1.03748
1.21842
0.850481
0.947181
0.940815
0.990578
1.15619
0.895445
0.958064
0.969195
0.935071
0.88033
0.94516
0.897178
1.04786
1.04617
1.00893
0.889004
0.988162
0.963595
0.971881
1.08425
1.01055
1.04423
0.913152
1.16605
1.07085
1.03197
0.913635
0.86608
1.073
1.05585
1.10705
1.00933
1.00459
0.863687
0.924637
1.11987
1.00054
1.03657
0.98351
0.889116
1.04178
1.00571
1.02395
1.00256
0.965139
1.08233
0.881256
0.957713
0.902206
0.887225
1.03538
1.15825
0.980145
1.04929
0.901375
0.962814
0.877768
0.900062
1.0593
0.940745
1.10473
0.912149
0.999359
1.0916
0.959994
1.16117
1.01998
0.948711
0.949245
1.04118
1.02932
1.09876
0.943498
0.999549
0.926461
0.882709
0.916395
0.93654
0.963773
1.04197
1.01874
0.970532
1.0959
0.952354
0.933091
1.05641
0.87125
1.11016
0.978997
1.11682
1.04026
0.913032
1.0106
1.0619
1.02031
0.859466
1.03311
0.906119
1.0063
1.11558
1.01036
0.989388
1.11859
0.943274
1.10383
1.00471
0.995526
1.09388
1.10602
1.06932
0.996509
0.987537
0.963281
0.985431
1.14677
0.978283
0.971064
0.942013
1.07464
0.891334
1.07515
1.07839
1.04164
1.08273
0.982539
0.929426
1.10997
1.02313
1.05108
0.968788
0.950188
0.86815
0.996189
1.06765
1.01865
0.919488
0.987867
1.07163
1.00374
1.11171
1.01829
0.941929
1.03282
1.12544
1.13008
0.990129
0.882879
0.915936
0.882824
0.869489
1.02193
1.12282
1.05904
1.0923
1.14361
0.83335
1.07576
1.1161
0.971578
1.08569
0.961975
0.977384
0.929129
1.09476
0.990407
0.901781
1.1576
0.885532
1.07432
0.985655
0.884836
0.937324
0.881278
0.94894
1.01947
0.95299
0.970627
1.04201
0.916692
0.944058
0.999035
0.889543
1.01281
1.11348
1.04593
1.04632
0.909731
1.14145
1.05927
1.20746
0.875935
1.03377
1.06934
0.935701
1.0878
0.937107
1.01537
1.05874
0.906471
1.21397
0.937429
1.04194
1.16592
1.06205
0.904236
0.894501
1.02012
1.04532
0.999334
1.03442
1.10121
1.06119
1.01938
1.13821
0.934677
0.920419
1.00358
0.99787
1.00378
1.01186
1.07905
0.935348
1.02751
0.924764
1.00749
0.898034
0.988519
0.936647
1.04045
0.96559
1.03556
0.96803
1.01539
0.953922
0.974055
0.871525
1.07885
1.08358
0.98655
1.00318
1.13506
0.918504
1.0273
1.13743
0.966503
0.915911
1.01607
0.96898
1.03845
1.00707
1.02855
0.949454
1.11083
0.904551
1.01161
1.0571
0.931001
0.983556
1.0246
0.93321
0.956281
0.859481
1.03544
1.13267
1.01341
0.970335
1.00591
0.958871
1.11049
1.00013
1.06476
1.03959
1.13431
0.997524
0.994133
1.04249
1.16424
1.00431
1.04734
0.852187
1.0336
1.02888
0.929052
1.04503
0.931066
1.03405
1.08263
0.96296
0.990505
0.977334
1.09074
1.01873
1.05306
1.09827
1.05011
0.966406
0.899335
1.13179
0.995095
1.10107
0.922117
1.04979
0.937468
1.07366
1.02818
1.07429
0.890898
0.939177
0.935977
0.868854
1.07458
0.944866
1.08688
1.04584
0.905763
1.09731
1.00884
1.02727
1.04206
1.01895
0.905213
1.05453
1.06938
0.910164
0.862346
0.969576
0.877898
0.970401
0.917534
1.07955
1.01851
1.18667
1.12808
0.917157
1.00593
1.03492
0.994351
0.930657
0.918815
0.976705
0.916443
0.930084
0.996141
1.07313
1.05784
0.906367
1.05665
1.00419
0.936314
1.03944
1.0396
0.943578
0.993807
1.17527
0.844748
0.999506
0.973937
0.99053
1.04661
0.901189
0.98681
0.934735
0.983461
1.12216
1.00978
1.07419
0.999827
0.947537
1.07437
0.871786
0.896825
0.920974
1.01546
1.01853
1.07719
1.06836
1.01684
0.895678
1.00827
0.946201
0.960986
0.951867
0.979422
0.977408
0.869659
1.0316
0.990082
0.992391
0.980786
0.924143
1.11831
0.973332
1.12587
1.0549
1.08859
1.0396
0.993861
1.10554
0.950938
0.999693
1.10236
0.91879
1.00439
0.951247
0.976509
0.998807
0.930708
0.940336
1.04249
0.974905
0.988446
1.04077
1.00085
0.94166
0.868524
0.892005
1.04002
1.04723
0.876565
1.00198
1.09984
0.968337
1.02614
0.913141
0.919491
1.13299
1.11559
1.05789
1.11316
1.03157
1.06102
0.954888
1.02352
1.02224
0.957856
0.929474
1.11617
0.997641
1.08153
0.954496
0.999429
0.989085
1.08589
0.935425
1.02618
1.09609
1.01243
0.874501
1.04361
0.928851
1.08861
1.01031
1.00422
0.858291
1.12872
0.930843
1.01716
1.02519
1.14133
0.93041
1.02085
1.01291
0.864009
0.933371
1.0111
0.964081
0.947242
1.0655
0.851856
1.01101
0.91046
1.04774
0.959834
1.06957
0.902314
1.05238
1.01967
1.16266
1.15163
1.05362
1.07844
1.03591
1.1211
1.04741
1.02682
1.03891
1.0522
1.05465
1.05314
1.06564
1.13721
1.09176
0.970489
0.974721
1.05259
1.02921
0.875138
0.997315
1.03804
0.918372
0.865767
1.18927
1.12027
1.06377
0.958749
1.10089
1.07735
0.92614
1.01542
0.968253
0.946857
0.978156
1.11201
0.998859
1.00716
0.97084
1.09237
1.09127
0.981271
0.906299
1.07863
1.03779
1.02526
1.00998
1.04727
0.934069
0.972638
0.97226
1.13199
0.943319
1.01507
1.08171
0.950029
0.924822
1.06564
1.06075
0.993864
1.01809
1.10573
1.1576
0.887069
0.937332
1.11528
1.07473
0.923171
1.11771
1.0315
0.956148
0.951353
0.919872
0.999728
0.994497
0.979701
1.06491
1.05331
1.10568
1.14417
1.02134
1.15816
1.04977
1.00917
0.951548
1.0028
1.06574
1.04942
1.08617
1.04639
0.914453
1.02688
0.989025
0.909466
1.01396
0.937306
1.07575
0.940423
1.00554
1.10075
0.924088
1.01633
0.981824
1.03518
1.06201
0.994291
1.0649
0.963347
1.04069
0.891888
0.9858
0.842633
1.11552
0.940876
1.04464
1.1234
1.05657
1.09841
0.999696
1.08396
0.902416
0.974614
0.905702
1.01536
1.00284
0.99054
1.15399
1.04123
1.03172
1.02862
1.01499
0.948052
0.974414
1.02838
0.959519
0.943978
0.939141
1.05334
0.988538
0.963805
0.968369
1.06068
1.05633
0.96753
1.03582
1.10271
0.900967
1.05161
1.17277
1.08437
0.864004
1.00083
0.852651
1.04057
0.932489
1.15025
0.924058
0.934075
0.977835
0.920406
0.987666
0.949771
1.16237
0.954207
1.12958
1.02968
0.974001
0.920879
1.04831
0.980911
0.961941
0.991479
1.05022
0.997043
0.903475
0.989836
1.081
0.892863
1.10448
0.977698
0.914494
1.14775
1.13721
1.07089
1.0314
1.02117
1.09199
1.17996
1.01241
1.13348
1.04666
0.98144
1.02437
0.959412
1.03438
0.868034
1.00288
1.12972
1.02016
1.08836
1.02155
0.929075
0.973257
1.05243
1.02322
0.876456
1.00978
0.998132
1.0619
0.963758
1.13713
1.00339
0.883689
1.00425
0.927004
1.0374
1.0838
0.948251
0.892044
1.03901
0.912926
1.08091
1.11099
0.982615
1.02699
0.932324
0.938007
1.03369
0.915513
1.01445
0.948759
0.92598
0.841302
1.07829
0.995001
0.933199
0.905389
0.885987
0.9557
0.909373
0.996297
0.844733
1.07038
1.02992
1.00596
1.02949
0.99174
0.877589
0.919406
1.04815
0.883944
0.967111
1.02144
0.953463
0.889945
1.01964
0.95968
1.18956
1.12322
1.04066
1.03679
0.935078
0.919407
1.02898
0.973845
0.955276
0.896406
1.08361
0.970008
0.971775
0.929778
1.11479
0.939055
1.14901
0.974048
1.01321
1.06666
0.922757
1.07201
1.05216
1.03747
0.881509
0.999783
0.986716
0.842619
1.09136
1.05236
1.12914
0.9732
1.09414
0.833052
0.940426
1.14331
0.928699
0.929
1.02784
1.06642
1.05877
1.03329
0.951631
1.06737
1.0315
0.90459
0.994981
0.945801
0.984682
0.891846
1.06032
1.03902
0.959241
1.01001
1.06001
1.07125
1.11857
1.12242
1.05032
1.02288
0.988466
0.990958
1.0028
1.08001
1.02361
0.920487
0.985287
0.995556
1.02887
1.09365
0.969835
0.887589
0.898548
1.03462
1.09855
0.951374
0.982937
1.08222
0.909728
1.01949
1.13626
0.960937
1.00431
0.977185
1.08597
1.03778
1.0094
0.959965
0.961772
1.09816
1.17025
0.989082
0.982438
0.904663
0.932594
1.1112
1.0103
0.958337
1.10861
1.07109
1.04287
1.01629
0.9677
0.977287
1.03103
0.948666
1.13079
0.888956
1.04124
1.04417
1.08866
0.983647
0.97873
1.14457
0.968637
0.966118
1.06175
1.02617
0.921683
1.00966
1.14563
1.04068
0.920083
0.918657
0.913161
0.978208
1.12974
1.1068
0.885414
0.973041
1.01156
1.03502
1.02405
1.02779
0.975557
1.07626
1.17659
0.998175
0.939086
1.05873
1.07261
1.04835
0.935923
0.997436
0.911655
0.912591
1.11727
1.02779
0.964384
1.0199
1.08971
0.912818
0.870912
0.873377
0.970719
1.06261
0.91704
1.02521
0.837282
1.00605
1.08388
1.03343
1.05823
1.00934
1.02413
1.11616
1.05738
0.929358
1.01053
0.950857
0.995577
0.887308
1.00176
1.14499
0.998421
0.981158
0.934378
0.983991
0.925953
1.09778
1.10209
0.951707
0.926471
1.05906
1.06648
0.985386
0.911546
1.01117
0.966765
1.01357
0.938657
0.916435
1.15331
1.04323
0.9859
1.04561
0.942227
0.956679
0.980426
0.904374
0.881079
0.952522
0.99184
1.20347
0.992916
0.935682
0.965842
0.999318
0.932791
1.02616
1.08431
1.0191
0.984606
1.00265
0.889549
1.06745
0.989947
0.942181
0.99072
0.982771
1.04991
1.0136
0.936274
0.872612
1.01808
1.03052
0.903478
1.03535
1.03492
1.04926
0.98478
1.07201
0.950591
0.91498
1.08237
0.962201
0.925205
0.931161
1.02328
0.964006
0.918922
1.06614
0.981233
1.09556
1.03805
1.08548
0.99685
0.912625
1.00942
1.02719
0.95776
0.999012
0.887031
0.994437
1.00562
1.08749
1.13056
1.0334
0.885273
1.03583
0.948584
0.9926
0.984807
1.0429
1.12752
1.04498
1.07049
0.974605
0.963867
1.01704
0.887624
1.16045
0.911059
0.958899
1.00502
1.14794
1.03015
0.939798
0.996831
0.925792
1.07512
1.00308
1.18771
1.03279
0.931821
0.907625
1.01304
1.02756
1.12672
1.05333
0.954415
1.21073
1.21707
1.06275
1.02622
0.938491
0.948711
1.12249
0.969247
0.922973
1.07445
1.06698
0.934652
0.883753
0.905839
1.10678
1.11146
0.914562
0.95254
0.97536
0.919912
1.17401
0.998038
0.900319
0.98904
0.892215
0.966331
1.14647
0.891901
0.955602
0.990354
1.01878
1.07334
0.981266
1.14315
0.860256
1.12212
1.01177
1.11405
1.07343
1.00958
0.982474
1.11438
0.921616
0.894568
0.964926
1.01676
0.861167
0.907468
1.03149
1.08324
0.888965
1.02544
0.895183
0.866441
1.113
//widmo amplitudowe sygnalu
 2050.12
 3.25806
 7.61402
 2.36732
 2.21659
 3.01581
 4.78226
 2.72402
 3.84135
 1.7452
 2.37075
 3.3072
 1.60807
 1.60978
 2.35549
 3.94366
 3.45386
 2.98085
 2.0631
 3.72264
 4.19554
 1.46974
 2.27077
 1.67938
 2.45641
 3.24071
 1.82463
 0.462514
 1.80556
 1.10545
 3.70356
 2.98852
 5.60102
 4.28666
 6.76471
 3.14737
 1.2241
 7.4058
 1.49005
 3.38025
 4.15708
 1.44504
 2.01055
 4.60274
 3.92788
 3.77554
 3.41184
 4.40973
 3.2371
 1.54942
 2.34394
 2.66965
 2.674
 6.10743
 2.65834
 4.78748
 3.77219
 0.60605
 4.57894
 2.71298
 6.51502
 5.09813
 2.94234
 1.56851
 6.13702
 2.30346
 1.11072
 1.49292
 2.4684
 3.29682
 3.24392
 3.19114
 5.25713
 1.78329
 2.40295
 2.87926
 4.13636
 1.05251
 8.85906
 4.05506
 3.29588
 0.638373
 9.02313
 4.10393
 3.85417
 1.88967
 6.52479
 4.12601
 0.55051
 6.22556
 1.66381
 3.04294
 2.13194
 3.24868
 2.93901
 3.79745
 2.80675
 1.84683
 0.458669
 1.5292
 3.56866
 2.10657
 6.4366
 4.57378
 0.576835
 4.7968
 1.31656
 1.15467
 2.55284
 3.43917
 1.38744
 1.28998
 2.79776
 2.02331
 5.26639
 2.03877
 3.08794
 3.37085
 4.38337
 2.60323
 1.22921
 2.23038
 3.97741
 2.66639
 3.33201
 2.62813
 3.73177
 1.09243
 4.99142
 1.53572
 0.270301
 4.21361
 0.874903
 2.4061
 4.35623
 1.495
 6.76371
 1.15412
 3.18074
 5.15365
 1.52491
 5.76527
 2.03039
 1.35026
 1.46671
 1.10233
 1.53033
 4.55161
 3.23926
 3.59684
 1.55613
 2.88901
 1.84343
 4.42173
 2.07181
 3.94408
 4.38261
 5.95691
 1.55668
 1.88591
 2.57131
 1.23333
 2.71205
 5.00239
 2.88217
 1.03191
 2.52533
 3.05668
 2.77256
 8.13949
 6.22741
 1.11621
 1.21472
 3.55991
 3.58748
 0.0736524
 1.26902
 2.92331
 4.02926
 1.99289
 1.81446
 1.76333
 5.69705
 2.57912
 4.36839
 1.50938
 3.67912
 2.6522
 4.05023
 4.49203
 2.18245
 2.96802
 2.49372
 3.8399
 3.09003
 1.35243
 1.82735
 2.12222
 3.075
 4.12309
 1.79524
 5.79853
 0.460225
 0.365015
 6.06116
 4.06822
 3.05829
 3.94721
 4.31803
 4.25995
 1.69759
 2.90752
 5.00953
 2.00126
 4.34956
 1.26488
 2.62484
 3.36373
 2.53696
 3.11233
 2.6886
 2.42006
 1.94302
 4.02223
 0.897778
 4.58071
 4.01866
 4.08214
 4.35032
 1.09804
 0.929891
 2.58673
 1.76526
 1.90299
 0.439404
 1.72267
 4.02938
 1.59288
 1.17246
 2.55909
 2.20361
 1.51406
 3.25983
 2.08792
 1.64856
 0.552325
 4.63684
 4.34466
 6.03742
 2.97386
 3.64085
 3.72444
 3.02854
 4.17434
 1.44522
 1.11366
 4.68796
 2.78079
 2.81438
 1.30266
 0.190568
 0.576052
 4.88175
 4.82911
 1.45149
 3.74443
 1.44104
 0.819576
 2.98059
 0.416948
 6.88124
 5.24013
 0.792221
 3.34299
 5.02755
 3.37988
 0.602565
 2.13772
 2.81288
 2.68033
 3.13568
 4.31461
 1.30121
 2.03491
 1.96737
 1.08269
 1.55408
 2.2435
 2.07947
 5.69859
 2.33313
 4.70881
 2.6401
 1.59501
 3.01258
 1.81493
 3.32428
 0.634833
 3.26355
 1.0786
 1.28712
 1.1862
 4.82174
 3.09822
 2.82619
 4.09253
 1.89792
 2.05889
 2.38381
 1.90059
 2.21562
 3.31305
 5.97693
 3.46956
 2.81859
 3.71393
 2.76771
 2.35398
 2.93132
 5.87651
 2.06525
 2.13866
 1.71188
 4.81818
 5.82628
 3.13075
 1.6868
 1.28716
 3.13528
 2.22966
 2.57621
 6.3113
 6.10395
 2.26212
 1.70531
 5.5885
 2.77217
 3.23302
 2.02554
 3.2431
 4.20258
 3.81651
 4.22973
 4.49423
 5.75222
 4.1513
 0.245904
 5.24245
 3.48486
 3.86978
 3.03314
 3.11512
 2.19889
 2.51814
 1.09212
 1.6319
 4.32371
 1.20143
 5.04049
 2.789
 2.74238
 0.230156
 1.50643
 2.28656
 2.31935
 2.00155
 3.05696
 3.32122
 3.46392
 5.54582
 2.84205
 3.58462
 2.33778
 2.44586
 6.44375
 2.38887
 2.42731
 1.58708
 1.85767
 3.8368
 2.18049
 3.77128
 2.00025
 4.5318
 0.447342
 2.71612
 1.25889
 2.99111
 1.09577
 4.49742
 4.30495
 0.0877418
 6.2421
 2.87809
 2.40224
 2.1076
 4.90973
 3.12612
 3.70618
 2.52122
 4.08636
 2.48324
 0.887345
 5.65401
 3.71256
 2.82868
 0.663992
 1.95883
 2.0088
 2.71314
 3.33671
 3.52493
 3.29467
 3.89656
 1.48664
 4.25969
 1.26563
 2.57613
 4.91125
 4.51137
 1.06788
 4.12827
 1.57628
 6.31956
 4.14231
 0.95135
 1.09586
 5.04385
 1.13942
 3.56187
 0.593275
 2.6087
 3.8064
 1.6903
 1.56794
 2.03921
 2.66272
 4.4217
 1.05691
 3.15946
 2.32278
 2.63667
 0.399789
 1.32071
 0.804121
 1.59579
 2.27246
 1.59252
 1.86879
 2.49283
 2.79847
 3.54604
 1.05043
 4.60377
 2.06535
 3.27223
 2.98642
 5.54693
 1.79813
 2.58919
 3.32367
 7.56745
 4.32751
 1.19802
 5.86278
 5.73389
 5.93736
 2.40401
 5.63019
 4.4509
 6.22835
 1.18017
 2.42235
 6.85514
 1.03176
 4.91988
 4.36016
 2.13947
 3.81618
 1.67987
 3.43522
 1.67483
 3.68631
 2.84519
 1.71404
 1.44373
 3.15436
 5.17273
 2.10697
 2.94335
 0.509168
 3.87731
 1.64407
 3.37521
 2.16058
 3.4334
 3.84083
 4.2057
 2.18506
 4.76487
 3.50619
 3.86446
 1.09431
 4.93731
 2.88457
 3.44146
 3.16644
 4.36381
 3.4974
 4.22591
 5.65348
 1.75154
 5.04397
 3.97959
 0.93464
 5.58524
 5.67746
 2.39128
 5.29964
 1.61835
 1.266
 2.76076
 4.08208
 4.79321
 2.95186
 6.53101
 5.00746
 4.68017
 1.5561
 2.61581
 3.63722
 2.83404
 3.73595
 2.97831
 0.799136
 7.12654
 2.46747
 2.07586
 1.44037
 3.34647
 2.3898
 2.66462
 3.08805
 4.37676
 2.10968
 6.75092
 2.29193
 3.87373
 2.204
 1.0941
 8.03887
 1.83082
 2.29882
 3.38578
 4.70577
 3.84979
 5.82685
 0.709814
 1.23278
 3.80782
 1.76638
 6.08105
 2.50346
 2.89444
 2.80293
 3.43377
 3.78735
 4.33544
 2.84153
 2.50684
 6.64502
 4.37069
 1.62257
 2.52364
 1.95408
 2.62274
 3.45512
 1.44149
 2.42418
 2.37315
 0.775421
 4.33077
 4.39127
 1.31957
 2.98096
 2.22619
 1.0872
 2.58513
 2.90508
 2.31538
 3.53771
 1.98915
 4.51125
 3.22101
 1.19821
 2.76293
 4.12002
 5.49477
 3.3799
 4.03716
 2.27028
 2.92251
 4.12539
 2.04624
 2.69059
 1.85816
 3.71334
 2.30535
 2.25268
 0.925035
 4.02355
 1.26683
 2.27859
 2.14106
 1.36187
 2.45481
 2.70636
 3.89277
 4.58761
 1.33015
 5.03874
 4.21256
 1.67364
 6.56193
 3.68826
 4.47203
 1.94787
 1.00887
 2.48211
 1.01004
 1.17547
 6.25828
 7.5065
 2.61772
 0.578765
 2.47834
 4.45789
 4.51144
 3.53815
 4.45919
 3.89833
 1.41904
 3.58151
 3.37025
 5.34664
 1.71068
 0.556196
 3.00262
 4.55866
 3.09897
 3.02977
 5.77439
 1.80378
 1.40916
 5.54959
 4.13691
 2.54713
 3.23443
 3.157
 1.79088
 3.91738
 1.53788
 4.63293
 3.07786
 5.95784
 3.84195
 1.19585
 1.25111
 2.72863
 2.36801
 0.77803
 2.83723
 3.83938
 0.667222
 3.02515
 5.44479
 1.35555
 0.720179
 3.14764
 4.52045
 1.90077
 5.7816
 6.85935
 1.80919
 3.49506
 1.93715
 3.28456
 1.26423
 2.87029
 4.51098
 2.43671
 6.5164
 5.01184
 5.16862
 0.624008
 3.01773
 2.97975
 5.51766
 0.894245
 4.82922
 2.87795
 0.765514
 1.99817
 3.43396
 3.33089
 3.70669
 1.42409
 1.56234
 0.559426
 3.4927
 0.817416
 3.02393
 4.77709
 3.61851
 6.92068
 2.34079
 2.81685
 3.13459
 4.43438
 4.99172
 2.69998
 2.85665
 1.7785
 2.54102
 3.52434
 3.14439
 0.744989
 1.71385
 2.52114
 2.4285
 2.6231
 2.18571
 1.71349
 2.96653
 2.24836
 1.80558
 1.93907
 6.78793
 3.66118
 3.88762
 2.95323
 5.10898
 2.03534
 3.48969
 1.57826
 4.51234
 4.6883
 2.71107
 2.55034
 1.34661
 1.27515
 0.919771
 2.12337
 2.15388
 2.49261
 0.352043
 2.80491
 2.60545
 3.84755
 1.94783
 4.65869
 1.25243
 2.49266
 1.15075
 3.47929
 4.35263
 1.5994
 1.9555
 3.06518
 2.55209
 3.71629
 5.53336
 5.98277
 2.96159
 2.00511
 2.93287
 2.28783
 1.3981
 2.99399
 1.15684
 1.42022
 1.59487
 4.00387
 4.88488
 3.39637
 2.03343
 3.20779
 0.99576
 0.777647
 3.81997
 2.4814
 2.0516
 0.859562
 3.6935
 3.7067
 2.99141
 6.15548
 1.98379
 1.89212
 5.70192
 2.24133
 1.77838
 1.61501
 2.88197
 2.09966
 2.66531
 1.59615
 4.2645
 2.30643
 3.55472
 2.24767
 2.6343
 0.0897067
 4.69649
 3.45986
 5.26181
 5.18947
 3.49926
 2.85909
 2.81874
 3.29645
 3.48918
 1.61193
 2.37632
 1.95263
 5.46245
 3.28977
 5.08778
 1.05013
 3.29192
 1.05275
 0.764071
 0.899999
 6.29811
 1.43755
 1.49172
 5.93958
 2.57907
 3.84912
 2.42978
 0.553925
 2.72721
 1.85128
 5.51793
 2.36689
 5.10958
 0.823154
 2.60936
 2.56013
 4.48075
 7.18414
 1.29976
 2.00643
 0.534989
 5.3152
 2.46261
 1.72471
 1.8609
 5.07453
 1.82721
 6.00683
 5.52704
 4.94144
 3.09691
 3.06941
 4.11711
 1.81641
 4.01775
 2.01017
 2.35373
 5.95462
 1.42275
 1.8468
 3.34933
 3.30913
 7.96265
 3.28153
 5.07839
 6.34517
 6.48044
 2.29669
 2.83732
 5.99949
 3.32852
 5.25799
 2.3233
 5.85252
 3.59606
 7.75471
 3.48524
 2.33858
 4.04244
 2.93237
 1.47294
 4.53599
 2.18096
 2.71263
 3.52816
 3.25847
 2.19883
 0.691363
 3.06654
 3.64631
 2.78631
 3.39581
 1.37949
 5.04904
 3.14141
 3.05108
 3.10945
 4.3202
 4.21739
 1.94809
 1.95887
 5.30534
 0.63396
 3.36787
 1.27153
 2.81213
 3.15563
 3.53282
 2.68746
 4.20739
 1.28342
 4.60667
 5.03572
 0.631858
 1.84198
 0.36565
 2.67554
 4.59866
 2.0031
 2.80728
 2.18978
 2.88596
 4.1393
 5.34592
 3.16421
 4.22271
 2.81577
 3.26304
 5.25032
 2.42449
 5.72457
 3.06624
 1.98805
 4.12919
 6.14336
 2.18433
 4.01102
 1.62071
 3.90663
 1.7556
 5.07339
 5.0995
 4.79302
 3.58078
 2.19904
 2.34891
 0.495965
 5.08698
 2.99758
 4.53304
 0.940043
 0.610719
 3.5392
 2.37029
 1.45491
 1.24658
 1.87503
 1.9615
 1.83464
 2.75596
 6.64386
 2.83076
 1.61166
 5.05165
 4.33845
 1.71108
 2.15955
 3.49619
 4.60024
 4.79645
 0.646407
 1.12545
 3.22335
 1.75252
 1.47624
 2.50769
 2.17258
 3.88278
 0.697304
 3.43291
 3.86224
 2.22414
 3.70445
 0.462787
 5.39446
 3.50059
 1.00161
 2.70865
 4.24686
 1.42739
 6.12006
 2.44016
 0.88315
 3.3673
 4.03144
 5.09688
 4.59136
 5.73509
 1.62051
 3.33497
 1.66529
 4.01971
 1.70392
 4.10293
 4.63506
 4.42167
 3.89115
 4.7712
 3.72433
 3.86869
 2.81715
 0.972656
 2.81715
 3.86869
 3.72433
 4.7712
 3.89115
 4.42167
 4.63506
 4.10293
 1.70392
 4.01971
 1.66529
 3.33497
 1.62051
 5.73509
 4.59136
 5.09688
 4.03144
 3.3673
 0.88315
 2.44016
 6.12006
 1.42739
 4.24686
 2.70865
 1.00161
 3.50059
 5.39446
 0.462787
 3.70445
 2.22414
 3.86224
 3.43291
 0.697304
 3.88278
 2.17258
 2.50769
 1.47624
 1.75252
 3.22335
 1.12545
 0.646407
 4.79645
 4.60024
 3.49619
 2.15955
 1.71108
 4.33845
 5.05165
 1.61166
 2.83076
 6.64386
 2.75596
 1.83464
 1.9615
 1.87503
 1.24658
 1.45491
 2.37029
 3.5392
 0.610719
 0.940043
 4.53304
 2.99758
 5.08698
 0.495965
 2.34891
 2.19904
 3.58078
 4.79302
 5.0995
 5.07339
 1.7556
 3.90663
 1.62071
 4.01102
 2.18433
 6.14336
 4.12919
 1.98805
 3.06624
 5.72457
 2.42449
 5.25032
 3.26304
 2.81577
 4.22271
 3.16421
 5.34592
 4.1393
 2.88596
 2.18978
 2.80728
 2.0031
 4.59866
 2.67554
 0.36565
 1.84198
 0.631858
 5.03572
 4.60667
 1.28342
 4.20739
 2.68746
 3.53282
 3.15563
 2.81213
 1.27153
 3.36787
 0.63396
 5.30534
 1.95887
 1.94809
 4.21739
 4.3202
 3.10945
 3.05108
 3.14141
 5.04904
 1.37949
 3.39581
 2.78631
 3.64631
 3.06654
 0.691363
 2.19883
 3.25847
 3.52816
 2.71263
 2.18096
 4.53599
 1.47294
 2.93237
 4.04244
 2.33858
 3.48524
 7.75471
 3.59606
 5.85252
 2.3233
 5.25799
 3.32852
 5.99949
 2.83732
 2.29669
 6.48044
 6.34517
 5.07839
 3.28153
 7.96265
 3.30913
 3.34933
 1.8468
 1.42275
 5.95462
 2.35373
 2.01017
 4.01775
 1.81641
 4.11711
 3.06941
 3.09691
 4.94144
 5.52704
 6.00683
 1.82721
 5.07453
 1.8609
 1.72471
 2.46261
 5.3152
 0.534989
 2.00643
 1.29976
 7.18414
 4.48075
 2.56013
 2.60936
 0.823154
 5.10958
 2.36689
 5.51793
 1.85128
 2.72721
 0.553925
 2.42978
 3.84912
 2.57907
 5.93958
 1.49172
 1.43755
 6.29811
 0.899999
 0.764071
 1.05275
 3.29192
 1.05013
 5.08778
 3.28977
 5.46245
 1.95263
 2.37632
 1.61193
 3.48918
 3.29645
 2.81874
 2.85909
 3.49926
 5.18947
 5.26181
 3.45986
 4.69649
 0.0897067
 2.6343
 2.24767
 3.55472
 2.30643
 4.2645
 1.59615
 2.66531
 2.09966
 2.88197
 1.61501
 1.77838
 2.24133
 5.70192
 1.89212
 1.98379
 6.15548
 2.99141
 3.7067
 3.6935
 0.859562
 2.0516
 2.4814
 3.81997
 0.777647
 0.99576
 3.20779
 2.03343
 3.39637
 4.88488
 4.00387
 1.59487
 1.42022
 1.15684
 2.99399
 1.3981
 2.28783
 2.93287
 2.00511
 2.96159
 5.98277
 5.53336
 3.71629
 2.55209
 3.06518
 1.9555
 1.5994
 4.35263
 3.47929
 1.15075
 2.49266
 1.25243
 4.65869
 1.94783
 3.84755
 2.60545
 2.80491
 0.352043
 2.49261
 2.15388
 2.12337
 0.919771
 1.27515
 1.34661
 2.55034
 2.71107
 4.6883
 4.51234
 1.57826
 3.48969
 2.03534
 5.10898
 2.95323
 3.88762
 3.66118
 6.78793
 1.93907
 1.80558
 2.24836
 2.96653
 1.71349
 2.18571
 2.6231
 2.4285
 2.52114
 1.71385
 0.744989
 3.14439
 3.52434
 2.54102
 1.7785
 2.85665
 2.69998
 4.99172
 4.43438
 3.13459
 2.81685
 2.34079
 6.92068
 3.61851
 4.77709
 3.02393
 0.817416
 3.4927
 0.559426
 1.56234
 1.42409
 3.70669
 3.33089
 3.43396
 1.99817
 0.765514
 2.87795
 4.82922
 0.894245
 5.51766
 2.97975
 3.01773
 0.624008
 5.16862
 5.01184
 6.5164
 2.43671
 4.51098
 2.87029
 1.26423
 3.28456
 1.93715
 3.49506
 1.80919
 6.85935
 5.7816
 1.90077
 4.52045
 3.14764
 0.720179
 1.35555
 5.44479
 3.02515
 0.667222
 3.83938
 2.83723
 0.77803
 2.36801
 2.72863
 1.25111
 1.19585
 3.84195
 5.95784
 3.07786
 4.63293
 1.53788
 3.91738
 1.79088
 3.157
 3.23443
 2.54713
 4.13691
 5.54959
 1.40916
 1.80378
 5.77439
 3.02977
 3.09897
 4.55866
 3.00262
 0.556196
 1.71068
 5.34664
 3.37025
 3.58151
 1.41904
 3.89833
 4.45919
 3.53815
 4.51144
 4.45789
 2.47834
 0.578765
 2.61772
 7.5065
 6.25828
 1.17547
 1.01004
 2.48211
 1.00887
 1.94787
 4.47203
 3.68826
 6.56193
 1.67364
 4.21256
 5.03874
 1.33015
 4.58761
 3.89277
 2.70636
 2.45481
 1.36187
 2.14106
 2.27859
 1.26683
 4.02355
 0.925035
 2.25268
 2.30535
 3.71334
 1.85816
 2.69059
 2.04624
 4.12539
 2.92251
 2.27028
 4.03716
 3.3799
 5.49477
 4.12002
 2.76293
 1.19821
 3.22101
 4.51125
 1.98915
 3.53771
 2.31538
 2.90508
 2.58513
 1.0872
 2.22619
 2.98096
 1.31957
 4.39127
 4.33077
 0.775421
 2.37315
 2.42418
 1.44149
 3.45512
 2.62274
 1.95408
 2.52364
 1.62257
 4.37069
 6.64502
 2.50684
 2.84153
 4.33544
 3.78735
 3.43377
 2.80293
 2.89444
 2.50346
 6.08105
 1.76638
 3.80782
 1.23278
 0.709814
 5.82685
 3.84979
 4.70577
 3.38578
 2.29882
 1.83082
 8.03887
 1.0941
 2.204
 3.87373
 2.29193
 6.75092
 2.10968
 4.37676
 3.08805
 2.66462
 2.3898
 3.34647
 1.44037
 2.07586
 2.46747
 7.12654
 0.799136
 2.97831
 3.73595
 2.83404
 3.63722
 2.61581
 1.5561
 4.68017
 5.00746
 6.53101
 2.95186
 4.79321
 4.08208
 2.76076
 1.266
 1.61835
 5.29964
 2.39128
 5.67746
 5.58524
 0.93464
 3.97959
 5.04397
 1.75154
 5.65348
 4.22591
 3.4974
 4.36381
 3.16644
 3.44146
 2.88457
 4.93731
 1.09431
 3.86446
 3.50619
 4.76487
 2.18506
 4.2057
 3.84083
 3.4334
 2.16058
 3.37521
 1.64407
 3.87731
 0.509168
 2.94335
 2.10697
 5.17273
 3.15436
 1.44373
 1.71404
 2.84519
 3.68631
 1.67483
 3.43522
 1.67987
 3.81618
 2.13947
 4.36016
 4.91988
 1.03176
 6.85514
 2.42235
 1.18017
 6.22835
 4.4509
 5.63019
 2.40401
 5.93736
 5.73389
 5.86278
 1.19802
 4.32751
 7.56745
 3.32367
 2.58919
 1.79813
 5.54693
 2.98642
 3.27223
 2.06535
 4.60377
 1.05043
 3.54604
 2.79847
 2.49283
 1.86879
 1.59252
 2.27246
 1.59579
 0.804121
 1.32071
 0.399789
 2.63667
 2.32278
 3.15946
 1.05691
 4.4217
 2.66272
 2.03921
 1.56794
 1.6903
 3.8064
 2.6087
 0.593275
 3.56187
 1.13942
 5.04385
 1.09586
 0.95135
 4.14231
 6.31956
 1.57628
 4.12827
 1.06788
 4.51137
 4.91125
 2.57613
 1.26563
 4.25969
 1.48664
 3.89656
 3.29467
 3.52493
 3.33671
 2.71314
 2.0088
 1.95883
 0.663992
 2.82868
 3.71256
 5.65401
 0.887345
 2.48324
 4.08636
 2.52122
 3.70618
 3.12612
 4.90973
 2.1076
 2.40224
 2.87809
 6.2421
 0.0877418
 4.30495
 4.49742
 1.09577
 2.99111
 1.25889
 2.71612
 0.447342
 4.5318
 2.00025
 3.77128
 2.18049
 3.8368
 1.85767
 1.58708
 2.42731
 2.38887
 6.44375
 2.44586
 2.33778
 3.58462
 2.84205
 5.54582
 3.46392
 3.32122
 3.05696
 2.00155
 2.31935
 2.28656
 1.50643
 0.230156
 2.74238
 2.789
 5.04049
 1.20143
 4.32371
 1.6319
 1.09212
 2.51814
 2.19889
 3.11512
 3.03314
 3.86978
 3.48486
 5.24245
 0.245904
 4.1513
 5.75222
 4.49423
 4.22973
 3.81651
 4.20258
 3.2431
 2.02554
 3.23302
 2.77217
 5.5885
 1.70531
 2.26212
 6.10395
 6.3113
 2.57621
 2.22966
 3.13528
 1.28716
 1.6868
 3.13075
 5.82628
 4.81818
 1.71188
 2.13866
 2.06525
 5.87651
 2.93132
 2.35398
 2.76771
 3.71393
 2.81859
 3.46956
 5.97693
 3.31305
 2.21562
 1.90059
 2.38381
 2.05889
 1.89792
 4.09253
 2.82619
 3.09822
 4.82174
 1.1862
 1.28712
 1.0786
 3.26355
 0.634833
 3.32428
 1.81493
 3.01258
 1.59501
 2.6401
 4.70881
 2.33313
 5.69859
 2.07947
 2.2435
 1.55408
 1.08269
 1.96737
 2.03491
 1.30121
 4.31461
 3.13568
 2.68033
 2.81288
 2.13772
 0.602565
 3.37988
 5.02755
 3.34299
 0.792221
 5.24013
 6.88124
 0.416948
 2.98059
 0.819576
 1.44104
 3.74443
 1.45149
 4.82911
 4.88175
 0.576052
 0.190568
 1.30266
 2.81438
 2.78079
 4.68796
 1.11366
 1.44522
 4.17434
 3.02854
 3.72444
 3.64085
 2.97386
 6.03742
 4.34466
 4.63684
 0.552325
 1.64856
 2.08792
 3.25983
 1.51406
 2.20361
 2.55909
 1.17246
 1.59288
 4.02938
 1.72267
 0.439404
 1.90299
 1.76526
 2.58673
 0.929891
 1.09804
 4.35032
 4.08214
 4.01866
 4.58071
 0.897778
 4.02223
 1.94302
 2.42006
 2.6886
 3.11233
 2.53696
 3.36373
 2.62484
 1.26488
 4.34956
 2.00126
 5.00953
 2.90752
 1.69759
 4.25995
 4.31803
 3.94721
 3.05829
 4.06822
 6.06116
 0.365015
 0.460225
 5.79853
 1.79524
 4.12309
 3.075
 2.12222
 1.82735
 1.35243
 3.09003
 3.8399
 2.49372
 2.96802
 2.18245
 4.49203
 4.05023
 2.6522
 3.67912
 1.50938
 4.36839
 2.57912
 5.69705
 1.76333
 1.81446
 1.99289
 4.02926
 2.92331
 1.26902
 0.0736524
 3.58748
 3.55991
 1.21472
 1.11621
 6.22741
 8.13949
 2.77256
 3.05668
 2.52533
 1.03191
 2.88217
 5.00239
 2.71205
 1.23333
 2.57131
 1.88591
 1.55668
 5.95691
 4.38261
 3.94408
 2.07181
 4.42173
 1.84343
 2.88901
 1.55613
 3.59684
 3.23926
 4.55161
 1.53033
 1.10233
 1.46671
 1.35026
 2.03039
 5.76527
 1.52491
 5.15365
 3.18074
 1.15412
 6.76371
 1.495
 4.35623
 2.4061
 0.874903
 4.21361
 0.270301
 1.53572
 4.99142
 1.09243
 3.73177
 2.62813
 3.33201
 2.66639
 3.97741
 2.23038
 1.22921
 2.60323
 4.38337
 3.37085
 3.08794
 2.03877
 5.26639
 2.02331
 2.79776
 1.28998
 1.38744
 3.43917
 2.55284
 1.15467
 1.31656
 4.7968
 0.576835
 4.57378
 6.4366
 2.10657
 3.56866
 1.5292
 0.458669
 1.84683
 2.80675
 3.79745
 2.93901
 3.24868
 2.13194
 3.04294
 1.66381
 6.22556
 0.55051
 4.12601
 6.52479
 1.88967
 3.85417
 4.10393
 9.02313
 0.638373
 3.29588
 4.05506
 8.85906
 1.05251
 4.13636
 2.87926
 2.40295
 1.78329
 5.25713
 3.19114
 3.24392
 3.29682
 2.4684
 1.49292
 1.11072
 2.30346
 6.13702
 1.56851
 2.94234
 5.09813
 6.51502
 2.71298
 4.57894
 0.60605
 3.77219
 4.78748
 2.65834
 6.10743
 2.674
 2.66965
 2.34394
 1.54942
 3.2371
 4.40973
 3.41184
 3.77554
 3.92788
 4.60274
 2.01055
 1.44504
 4.15708
 3.38025
 1.49005
 7.4058
 1.2241
 3.14737
 6.76471
 4.28666
 5.60102
 2.98852
 3.70356
 1.10545
 1.80556
 0.462514
 1.82463
 3.24071
 2.45641
 1.67938
 2.27077
 1.46974
 4.19554
 3.72264
 2.0631
 2.98085
 3.45386
 3.94366
 2.35549
 1.60978
 1.60807
 3.3072
 2.37075
 1.7452
 3.84135
 2.72402
 4.78226
 3.01581
 2.21659
 2.36732
 7.61402
 3.25806
//widmo zespolone sygnalu
2050.12 + 0i
2.85266 - 1.57394i
6.96117 + 3.08471i
-0.23281 - 2.35585i
-0.678053 + 2.11034i
-2.89247 + 0.853625i
2.94488 + 3.76798i
2.70643 + 0.309109i
1.46308 - 3.55182i
-1.50948 + 0.875889i
-2.18798 + 0.912795i
0.781698 - 3.21349i
1.03109 - 1.23399i
-1.32252 - 0.917773i
-1.96449 - 1.29965i
-2.59115 - 2.97294i
-3.37871 + 0.716578i
-0.69867 - 2.89782i
-1.654 - 1.23316i
-3.71002 + 0.306344i
-3.57121 - 2.20204i
1.30924 + 0.667849i
0.749534 + 2.1435i
1.58236 + 0.562531i
-2.32812 + 0.783459i
3.2155 - 0.403436i
1.18166 - 1.39031i
-0.429182 + 0.172402i
-1.39857 - 1.14196i
0.955518 - 0.555891i
2.61578 + 2.62184i
-1.6109 + 2.5172i
1.60979 + 5.3647i
-3.80632 - 1.97163i
-6.54351 + 1.71577i
-0.451635 - 3.1148i
-0.75247 + 0.965515i
0.712471 - 7.37145i
-0.643544 - 1.34392i
-2.94006 - 1.66797i
3.06858 - 2.80449i
-0.662637 - 1.28415i
1.82348 + 0.846896i
3.83373 - 2.54711i
3.37166 - 2.01498i
-3.26527 + 1.89544i
-2.36289 - 2.46118i
3.44324 + 2.75495i
1.24618 + 2.98761i
1.02326 - 1.16347i
0.856155 + 2.18199i
-2.4407 - 1.08169i
0.917385 - 2.51171i
-0.256152 + 6.10206i
-2.51491 - 0.861415i
-4.71515 - 0.829062i
-3.76054 - 0.296244i
0.586834 - 0.151399i
-4.31694 - 1.52665i
-1.00174 - 2.52126i
-5.27557 + 3.82281i
-3.4442 - 3.75877i
-2.90953 - 0.438137i
-0.576229 - 1.45883i
-4.13519 - 4.53467i
-1.1891 + 1.97281i
-0.775673 + 0.794997i
-0.866603 - 1.21565i
1.59162 - 1.88672i
-3.05413 - 1.2415i
-1.98654 - 2.5645i
0.604599 + 3.13334i
4.54625 + 2.6399i
-0.706947 - 1.63717i
2.31413 + 0.647275i
2.33358 + 1.68658i
-3.09552 + 2.74358i
-0.919552 - 0.512052i
-4.29439 + 7.74862i
0.427049 - 4.03251i
1.34923 - 3.00706i
0.0294816 - 0.637691i
5.45125 + 7.19032i
3.85793 - 1.3995i
-0.115433 - 3.85244i
1.3724 - 1.29899i
-5.66282 + 3.2412i
-3.16328 - 2.64908i
-0.36598 - 0.411242i
-0.330649 + 6.21677i
-1.27365 - 1.07055i
2.14198 + 2.16134i
-0.261313 + 2.11586i
-0.538604 + 3.20373i
-2.23553 + 1.90793i
-2.1174 - 3.15234i
1.39899 + 2.43325i
-1.02214 + 1.53818i
-0.454819 + 0.0592977i
1.41812 - 0.572192i
2.74425 - 2.28132i
-1.43355 - 1.54356i
-4.25792 - 4.82701i
-1.83746 + 4.18846i
-0.410847 + 0.4049i
4.54377 + 1.53737i
-0.227295 + 1.29679i
0.784885 + 0.846889i
1.93502 - 1.66513i
1.57628 - 3.05668i
1.28289 + 0.528377i
1.01198 + 0.799967i
-1.78779 + 2.15204i
-1.94409 - 0.560632i
-5.21833 - 0.70981i
0.133333 - 2.03441i
1.95046 + 2.39397i
0.883597 + 3.25298i
1.72139 + 4.03122i
1.53378 - 2.10341i
-0.88156 - 0.856626i
-1.45765 + 1.68816i
-0.471913 + 3.94931i
-2.35873 - 1.24339i
3.33043 - 0.102607i
-2.42015 - 1.02465i
1.21395 - 3.5288i
-0.92774 + 0.576799i
0.55241 + 4.96076i
-0.641243 - 1.39544i
-0.230874 - 0.14057i
1.38029 - 3.98111i
0.557359 - 0.674393i
1.93577 + 1.42902i
1.17413 - 4.19502i
0.571361 - 1.38151i
-6.75599 - 0.323087i
0.229506 - 1.13108i
-0.43759 - 3.1505i
-0.384805 - 5.13926i
1.39991 + 0.60465i
-3.8947 - 4.25084i
0.243485 - 2.01573i
-1.22362 - 0.570915i
-0.606845 - 1.33529i
-0.73112 + 0.824985i
-0.876315 + 1.25458i
1.45273 + 4.31355i
-3.1931 - 0.544935i
-2.13437 + 2.89512i
-1.10068 - 1.10001i
-2.74146 + 0.911444i
-1.82255 + 0.276699i
-2.61241 + 3.5675i
-1.62483 + 1.28542i
-0.0528762 + 3.94372i
4.29888 - 0.852596i
2.13518 - 5.56109i
1.10471 - 1.09676i
1.88588 + 0.0104998i
1.52292 - 2.07179i
1.14295 - 0.46342i
-1.5401 + 2.23234i
-1.80468 - 4.66551i
1.6519 + 2.36181i
-1.02721 + 0.0983477i
-1.86632 - 1.70121i
-1.02896 - 2.87829i
-0.769809 - 2.66354i
6.2798 - 5.17837i
-0.403013 - 6.21436i
-0.449824 + 1.02156i
0.0973931 + 1.21081i
3.24387 - 1.46637i
3.45443 + 0.967928i
0.00352371 - 0.0735681i
-1.15803 + 0.519017i
0.816259 - 2.80704i
-2.93152 - 2.76427i
0.645553 - 1.88543i
-1.63195 + 0.793101i
-1.75593 + 0.161375i
-4.96858 - 2.7874i
2.09341 - 1.50648i
-3.65526 - 2.39205i
-1.48097 + 0.291491i
3.28798 - 1.6508i
-1.42297 - 2.23816i
-2.68017 + 3.03662i
1.00739 + 4.37761i
-2.15466 + 0.347158i
2.87334 + 0.743679i
-2.09498 + 1.35266i
2.41212 - 2.98772i
-2.60108 + 1.66814i
-0.537327 + 1.24111i
0.456731 - 1.76935i
2.08668 - 0.386738i
-1.59664 - 2.628i
-3.99909 - 1.00355i
1.10577 - 1.41427i
5.12066 + 2.72063i
-0.304925 - 0.344714i
-0.0980304 + 0.351605i
-6.04299 + 0.468942i
0.534495 - 4.03296i
2.76492 + 1.30703i
-3.64624 - 1.51176i
-4.3179 + 0.034043i
-0.636639 + 4.21211i
-1.69368 + 0.115164i
0.109731 - 2.90545i
5.00403 + 0.234684i
0.512576 + 1.93451i
3.93659 - 1.84986i
-0.440902 + 1.18555i
-1.7406 - 1.96472i
1.27848 + 3.1113i
-2.01947 - 1.53555i
3.0496 - 0.621719i
1.55188 + 2.1955i
-1.39 - 1.98106i
-1.03701 + 1.64314i
0.514213 + 3.98922i
0.810971 - 0.38514i
-3.51756 + 2.93422i
-4.01794 + 0.0761071i
-1.20424 - 3.90047i
3.27845 + 2.85955i
-0.271787 - 1.06387i
-0.730133 - 0.57585i
-1.88633 - 1.77002i
1.31701 + 1.17542i
-1.57779 - 1.06393i
-0.401326 - 0.178924i
1.54392 - 0.764127i
0.282749 + 4.01944i
1.12236 - 1.1303i
0.358484 + 1.11631i
1.97651 - 1.62554i
2.13961 - 0.527218i
1.41134 - 0.548168i
3.06058 + 1.1222i
-2.07326 - 0.246952i
0.183307 - 1.63834i
0.0877417 + 0.545312i
1.76738 + 4.2868i
-2.18724 - 3.75395i
-5.94775 + 1.03667i
-1.81588 - 2.35509i
-2.93785 - 2.15054i
3.54668 + 1.13689i
-2.82339 + 1.09569i
-3.87239 - 1.55874i
-1.32015 + 0.588114i
-0.821064 + 0.752391i
4.65579 + 0.548198i
-0.584258 + 2.71872i
2.39386 + 1.47993i
0.922968 + 0.919263i
0.0510789 - 0.183595i
-0.0559502 - 0.573329i
-2.12949 + 4.39281i
-1.92189 + 4.4302i
-0.098922 - 1.44811i
-1.94272 + 3.20102i
0.614877 + 1.30327i
-0.00372612 - 0.819567i
-1.5314 - 2.5571i
-0.177605 - 0.377229i
4.30722 - 5.3665i
-1.15116 + 5.11212i
-0.762125 + 0.216285i
3.33934 + 0.156247i
5.00254 + 0.500796i
2.79355 - 1.90254i
0.291613 - 0.527301i
1.66517 - 1.34054i
-1.80892 + 2.15408i
-2.10895 + 1.65424i
-2.24359 - 2.1906i
-3.96765 + 1.69517i
-1.25653 + 0.338039i
-1.99811 - 0.38529i
-1.51067 - 1.26032i
0.326261 - 1.03236i
-1.11077 - 1.0869i
-0.994522 - 2.01102i
-1.83593 + 0.976494i
1.66702 + 5.44931i
-1.2225 - 1.98721i
4.21638 + 2.09643i
-2.17272 - 1.4998i
-1.50655 + 0.523803i
1.41477 + 2.65971i
-1.4536 + 1.08674i
-0.872942 - 3.20761i
0.633921 + 0.0340251i
2.66708 - 1.88081i
-1.07858 + 0.00557423i
1.15998 + 0.557785i
-0.441044 - 1.10116i
2.80512 + 3.92179i
2.67203 + 1.5682i
2.67029 - 0.925682i
-3.35949 + 2.33723i
-0.922385 + 1.65871i
0.740778 + 1.92101i
-1.83592 - 1.52051i
1.02631 + 1.59966i
-1.13338 + 1.90379i
3.22671 + 0.751433i
2.62264 + 5.37079i
1.64245 - 3.05617i
-2.37491 + 1.51798i
3.20523 - 1.87609i
-0.947611 - 2.60044i
2.31903 - 0.404123i
2.81437 - 0.819709i
1.77095 - 5.60331i
-0.258709 + 2.04898i
1.65897 + 1.3497i
-1.51625 + 0.794689i
3.8552 + 2.89003i
5.64168 - 1.45499i
0.593471 - 3.07398i
1.60101 - 0.531107i
0.991415 + 0.820899i
-0.34588 - 3.11614i
0.243397 - 2.21633i
-2.07339 - 1.52902i
-4.42121 - 4.50392i
-5.29016 + 3.04506i
1.66936 - 1.52658i
0.822422 - 1.49389i
-2.90014 - 4.77708i
2.07209 + 1.84157i
3.21175 - 0.370205i
-0.776259 - 1.87089i
-1.3472 + 2.95005i
-4.19318 + 0.280926i
-1.20946 + 3.6198i
-4.10137 + 1.0341i
-1.73849 - 4.14437i
5.72046 - 0.603624i
1.36723 - 3.91969i
-0.137164 + 0.204095i
-4.10593 - 3.25955i
-2.94567 - 1.86205i
3.85778 - 0.304485i
-3.01028 - 0.371684i
-2.25991 - 2.14401i
1.72698 - 1.36112i
-0.522221 - 2.46339i
1.09056 + 0.0584145i
1.62815 - 0.110625i
-0.925377 + 4.22352i
1.08247 - 0.521238i
1.44855 + 4.82786i
-2.31268 - 1.55886i
-0.281761 + 2.72786i
0.211811 + 0.0900419i
0.365303 + 1.46146i
1.22597 - 1.93011i
1.12255 - 2.0296i
-1.70365 + 1.05061i
-2.65693 - 1.51186i
2.71544 + 1.9123i
-2.72042 + 2.14432i
4.69029 - 2.95928i
-1.64844 + 2.31514i
-3.42015 + 1.07335i
-2.09676 + 1.03383i
-1.55538 + 1.8876i
4.17278 + 4.91017i
-1.98088 - 1.33522i
0.0409608 + 2.42697i
1.5859 + 0.0612453i
0.267838 + 1.83826i
-0.583531 - 3.79217i
-1.83358 + 1.18005i
-1.34451 + 3.52347i
1.82354 - 0.821997i
4.36614 + 1.21409i
0.0771367 + 0.440642i
-2.60213 + 0.778621i
1.17838 + 0.442985i
-1.83212 - 2.36434i
-1.04375 + 0.333628i
-1.95381 - 4.05085i
-0.648741 + 4.25578i
-0.0776302 + 0.0408922i
-1.52953 + 6.05181i
-0.238313 + 2.8682i
2.15476 - 1.06197i
2.07015 - 0.395563i
3.85163 + 3.04473i
1.87848 - 2.49878i
-0.721611 + 3.63525i
0.55511 + 2.45935i
4.04787 + 0.559541i
2.47972 - 0.132109i
-0.00721836 - 0.887315i
5.48184 + 1.38466i
-3.15288 - 1.96021i
1.53418 + 2.37649i
0.507007 + 0.428754i
0.481259 + 1.89879i
1.7852 + 0.921051i
2.64069 - 0.622797i
-3.28724 + 0.572452i
3.44454 + 0.748508i
-0.0262404 + 3.29456i
2.04778 + 3.31509i
1.48281 + 0.106636i
3.76103 - 1.9999i
-0.763808 - 1.00916i
2.55068 - 0.361204i
-2.08575 + 4.44635i
-4.50355 + 0.265503i
0.238563 - 1.0409i
-2.98466 - 2.85208i
1.55281 - 0.270982i
-6.21263 + 1.15757i
2.01968 + 3.61658i
-0.155949 - 0.938481i
-0.96429 - 0.520637i
3.13272 + 3.95303i
0.802278 + 0.809084i
2.63139 - 2.40056i
-0.484073 - 0.342999i
-2.46509 - 0.853624i
1.61038 - 3.44896i
-1.27194 + 1.11323i
0.742354 - 1.38107i
0.496139 - 1.97794i
-2.22259 - 1.46635i
0.752997 - 4.35711i
-0.855773 - 0.620257i
3.14856 + 0.262185i
2.24068 + 0.612087i
2.54706 + 0.681581i
0.0860885 - 0.39041i
-0.885443 + 0.979926i
0.208405 + 0.776645i
0.138413 - 1.58978i
-1.45045 + 1.74937i
-0.886918 - 1.32269i
-1.86828 - 0.0436698i
2.28353 - 0.999854i
1.74503 - 2.18776i
2.44963 - 2.56392i
0.663283 + 0.814532i
-0.386474 - 4.58752i
1.00293 + 1.8055i
-2.72799 + 1.80708i
-2.9837 + 0.127507i
-4.50269 - 3.23947i
0.572545 + 1.70454i
-1.36084 - 2.20273i
-2.62219 - 2.04228i
-0.493302 - 7.55136i
3.39629 + 2.6819i
-0.910892 + 0.778158i
-3.53432 - 4.6777i
-4.42777 - 3.64312i
-4.21997 + 4.17662i
-0.255486 - 2.3904i
-1.89775 + 5.30071i
-3.77615 - 2.3561i
4.79703 + 3.97251i
-0.395378 + 1.11197i
1.68761 - 1.73775i
1.48674 - 6.69198i
-0.0403064 - 1.03097i
0.897814 + 4.83727i
3.83311 + 2.07806i
-0.267353 - 2.1227i
-1.48276 - 3.51634i
-0.625001 - 1.55928i
1.34184 + 3.16231i
1.67146 + 0.106173i
0.262354 + 3.67696i
0.499429 - 2.80101i
-1.37535 - 1.02291i
1.15802 - 0.862167i
3.13157 + 0.378442i
1.48354 - 4.95543i
0.929661 - 1.89078i
2.56164 + 1.4496i
-0.479861 - 0.170251i
-2.87138 + 2.60551i
0.403793 + 1.59371i
-1.50895 + 3.01912i
2.08942 - 0.549939i
-0.209688 + 3.42699i
3.82799 + 0.313833i
1.97529 - 3.71297i
0.453277 - 2.13752i
4.4616 - 1.67276i
-1.50584 - 3.16635i
3.85855 - 0.213493i
0.854743 - 0.683324i
-1.24906 - 4.7767i
0.101811 - 2.88277i
-1.10052 - 3.26075i
-0.825654 - 3.0569i
3.43036 + 2.6973i
2.00312 - 2.86694i
-0.345585 - 4.21176i
0.700284 + 5.60994i
-1.74471 + 0.154506i
-1.87048 - 4.68433i
-0.152265 + 3.97668i
-0.902364 - 0.243497i
-1.82362 + 5.27914i
5.6002 - 0.933458i
2.14387 + 1.05928i
4.07769 + 3.38506i
-0.73998 + 1.43926i
-0.603405 + 1.11295i
2.50756 - 1.15496i
2.63229 + 3.12i
-4.15119 + 2.39635i
-2.94808 + 0.149315i
-6.50992 - 0.524475i
-4.97835 - 0.539146i
-2.92804 - 3.65111i
1.4099 - 0.658512i
-2.34435 - 1.16037i
3.62889 + 0.245991i
2.48353 + 1.36522i
-0.6292 - 3.68258i
-2.84333 - 0.886473i
0.669925 - 0.435683i
2.11677 + 6.80491i
-0.210286 - 2.45849i
-2.07146 + 0.134987i
0.779564 + 1.21117i
1.86351 - 2.77961i
-1.63634 - 1.74171i
1.98857 - 1.77365i
2.54509 + 1.74887i
0.60849 + 4.33426i
-1.49462 + 1.48891i
3.15625 + 5.96766i
1.42449 - 1.79548i
-3.4406 - 1.7799i
1.35021 + 1.74199i
-1.09394 - 0.019161i
2.20389 - 7.73086i
-0.0952898 + 1.82834i
-0.924515 - 2.10472i
-1.2518 + 3.14587i
-0.362614 + 4.69178i
3.82747 + 0.413965i
-5.30397 - 2.41248i
-0.286069 - 0.649616i
-0.541031 + 1.10772i
3.42895 + 1.65584i
-0.477349 - 1.70066i
5.03625 - 3.40812i
-2.49621 - 0.190346i
-1.21915 - 2.62515i
-1.76992 - 2.17343i
-2.36891 - 2.48576i
-2.70296 - 2.65293i
-2.34376 + 3.6473i
-1.7135 + 2.26675i
1.77416 - 1.77104i
-2.49943 - 6.15704i
4.25234 + 1.0102i
-1.56446 + 0.430347i
-1.09134 + 2.27546i
-1.6731 - 1.00954i
-0.758844 - 2.51056i
1.52586 - 3.09994i
-0.0173251 + 1.44138i
-0.851257 - 2.2698i
0.200066 - 2.36471i
-0.694397 - 0.345095i
-2.58006 + 3.47833i
-2.87772 + 3.31693i
0.607288 - 1.17153i
2.97694 + 0.154897i
-0.664001 + 2.12486i
-1.06707 - 0.208279i
-1.9867 - 1.65405i
2.51411 - 1.45559i
1.89956 + 1.32388i
3.46961 - 0.69081i
-0.687757 - 1.86647i
3.80432 - 2.42457i
2.26534 + 2.2898i
0.546792 + 1.06617i
1.00507 + 2.57364i
1.96705 - 3.62013i
1.10723 + 5.38206i
2.71772 + 2.00942i
-1.98271 + 3.51675i
2.05678 - 0.961174i
-2.78607 - 0.882533i
-4.12285 - 0.144569i
-0.239284 + 2.0322i
2.2197 - 1.52059i
-1.14489 - 1.46355i
-3.66653 - 0.587739i
-0.99942 - 2.07745i
-0.135884 + 2.24857i
0.574312 - 0.725158i
2.02964 + 3.47412i
-1.25212 + 0.192498i
-1.49799 - 1.71698i
-1.28594 + 1.71187i
1.28971 + 0.437411i
0.018586 + 2.45474i
0.943358 - 2.53662i
-3.41112 + 1.87561i
3.561 - 2.89231i
0.483498 - 1.23917i
0.803795 + 4.97421i
-3.57844 + 2.22269i
-1.56511 - 0.59287i
3.65552 + 5.44941i
-0.40254 + 3.66623i
3.2594 + 3.06192i
1.94061 - 0.167956i
-0.070199 - 1.00643i
-2.06591 + 1.37582i
-0.237928 + 0.98162i
-0.291838 + 1.13867i
5.34108 + 3.26173i
2.87011 - 6.93614i
2.48114 + 0.834486i
0.575375 - 0.0625496i
1.7355 - 1.76924i
2.00089 + 3.98362i
4.01949 - 2.0486i
3.52443 - 0.311252i
-3.94065 - 2.08701i
0.0826007 - 3.89745i
-1.41873 + 0.0299996i
2.90154 - 2.0996i
-1.3465 - 3.08958i
0.362739 - 5.33432i
0.301201 + 1.68395i
-0.438086 + 0.342686i
-2.88646 + 0.827089i
4.35802 + 1.33756i
-2.20326 + 2.17928i
-2.53759 - 1.65535i
-4.89458 - 3.06378i
0.922495 + 1.55004i
1.13716 - 0.832227i
0.035404 + 5.54947i
-3.01694 + 2.83057i
-2.37367 - 0.92388i
-1.22866 + 2.99197i
2.42857 + 2.0171i
0.144949 + 1.785i
-0.404631 + 3.89643i
0.0631748 + 1.53658i
-3.25711 + 3.29473i
-3.04765 + 0.430185i
-5.69174 - 1.76067i
0.108454 - 3.84042i
-0.307823 - 1.15555i
1.24805 - 0.0874094i
-2.43615 + 1.22905i
0.640089 - 2.27986i
0.708121 + 0.322327i
1.35395 + 2.49333i
-2.14955 - 3.18123i
0.280542 - 0.605377i
-2.11266 - 2.16522i
5.35008 + 1.01112i
-1.13214 + 0.745502i
0.59202 - 0.410086i
-0.614204 - 3.08713i
-2.80214 + 3.54719i
-1.51312 + 1.15038i
0.139664 + 5.77991i
6.34777 + 2.59934i
-1.5693 - 0.900273i
3.46009 - 0.493179i
0.174033 - 1.92932i
-2.9655 + 1.41213i
-0.527545 + 1.1489i
-1.01947 + 2.68314i
-3.56614 - 2.76252i
1.85941 + 1.57484i
6.44961 - 0.930579i
4.3663 + 2.46049i
3.41 - 3.88414i
0.420905 - 0.460679i
1.28505 - 2.73044i
0.550561 - 2.92845i
-1.48059 - 5.3153i
0.274287 - 0.85114i
4.11751 + 2.52338i
-1.2333 - 2.60031i
0.667738 + 0.37435i
-0.46929 - 1.94228i
-3.4011 - 0.473941i
2.85928 + 1.70861i
-0.445053 - 3.67988i
0.582192 - 1.29965i
0.864915 + 1.30109i
0.301092 + 0.471488i
-2.54553 - 2.39149i
-0.787194 - 0.220215i
-1.83235 - 2.40554i
-3.43407 - 3.32081i
3.12944 - 1.81664i
-2.29735 - 6.52824i
-2.34079 + 0.00191349i
2.80284 - 0.280556i
-0.587795 - 3.07899i
2.4102 + 3.72219i
3.4209 + 3.63521i
-0.899301 - 2.54581i
2.85662 + 0.0133268i
0.488632 - 1.71006i
0.435976 - 2.50334i
1.44498 - 3.2145i
-1.2006 - 2.90615i
-0.181649 - 0.722504i
-0.391203 - 1.6686i
-2.20666 + 1.21935i
2.4184 - 0.221313i
-2.62144 + 0.0933118i
-0.0430961 + 2.18528i
-0.88931 + 1.46464i
-2.19349 - 1.99723i
1.84757 + 1.28125i
-1.50048 - 1.00434i
-1.50334 + 1.22473i
5.29167 - 4.25138i
3.33361 - 1.51371i
3.80356 + 0.804058i
-1.4893 - 2.5502i
3.11438 + 4.04998i
0.587277 + 1.94877i
0.227061 - 3.4823i
-0.250782 + 1.55821i
-4.43919 - 0.809167i
-2.43777 + 4.00468i
-2.6694 - 0.473487i
1.5832 - 1.99943i
-1.24363 - 0.516456i
-0.611534 - 1.11895i
-0.711514 + 0.58286i
-2.00186 - 0.708017i
2.15376 + 0.0220232i
-2.34794 + 0.836822i
0.352041 + 0.00119199i
-2.77537 + 0.406007i
-2.58683 + 0.310999i
3.78836 - 0.672277i
1.56419 - 1.16076i
3.06089 - 3.51202i
-0.151858 - 1.24319i
-1.22927 - 2.16847i
-1.1428 + 0.135012i
-1.39417 - 3.18775i
3.24305 - 2.90311i
-1.59586 + 0.106362i
1.86673 + 0.582504i
2.84808 - 1.13302i
-2.47522 + 0.621662i
-0.657219 + 3.65772i
2.72108 - 4.81807i
-1.40078 - 5.81647i
2.96073 - 0.071485i
-1.8789 - 0.700141i
-0.517718 - 2.88681i
0.864437 - 2.11823i
1.22646 + 0.671184i
2.90678 - 0.71734i
1.10491 - 0.342709i
-0.626755 + 1.27444i
-1.30168 - 0.921541i
-3.08228 - 2.5555i
4.78376 + 0.98879i
-2.31689 + 2.48342i
-2.01491 + 0.273796i
-3.12948 - 0.704475i
0.400504 + 0.911666i
0.77764 + 0.00331211i
2.8536 + 2.53952i
-2.19591 - 1.15556i
0.402838 - 2.01166i
-0.411126 + 0.754866i
-1.1639 + 3.50533i
0.153004 - 3.70354i
0.914436 + 2.84821i
5.81014 - 2.0328i
-0.615069 - 1.88604i
1.46534 - 1.19703i
-5.36832 + 1.92172i
-2.20612 - 0.395751i
1.61743 - 0.739293i
-1.59752 - 0.237036i
1.00059 - 2.7027i
1.34342 + 1.61363i
0.956846 - 2.48764i
-1.5959 - 0.0286814i
-3.61042 - 2.26955i
2.30634 - 0.0211356i
-1.79069 - 3.07074i
0.67113 + 2.14514i
-2.54597 + 0.676414i
0.0559659 - 0.0701079i
0.395451 + 4.67982i
3.30573 - 1.02114i
3.14732 - 4.21675i
4.31423 + 2.88409i
0.499027 - 3.46349i
0.59174 + 2.79718i
1.85962 - 2.11828i
1.31672 - 3.02205i
-1.77699 - 3.00278i
-1.15415 + 1.12528i
2.26849 - 0.707703i
-1.95237 - 0.0319542i
-3.364 + 4.30371i
-3.08466 + 1.14344i
4.66062 - 2.04062i
-0.719878 + 0.764556i
-2.88024 - 1.59402i
1.05207 + 0.0379717i
-0.0163989 + 0.763895i
-0.0415757 - 0.899038i
-0.843206 + 6.24141i
-1.32233 + 0.5639i
1.07727 + 1.03185i
-5.5144 + 2.2068i
-2.54303 - 0.429631i
-1.97581 + 3.30332i
-2.25645 - 0.901258i
0.390916 + 0.392451i
0.990233 + 2.54108i
1.39733 - 1.21437i
-4.1458 + 3.64141i
-1.93954 + 1.3566i
-4.47843 - 2.45998i
-0.155033 - 0.808422i
-1.40327 - 2.1999i
1.21624 + 2.25278i
-1.92564 + 4.04586i
6.06115 - 3.85673i
-1.23101 + 0.41714i
-1.47509 - 1.3601i
0.392904 - 0.363097i
-3.82999 + 3.68544i
-1.88252 - 1.58763i
1.26656 - 1.17066i
-0.271475 + 1.84099i
-4.5659 - 2.21437i
-1.67782 - 0.723615i
2.77973 - 5.32495i
1.19704 - 5.39586i
2.4745 - 4.27723i
0.248236 - 3.08695i
-2.09295 - 2.24517i
3.54814 + 2.08837i
1.782 + 0.351892i
-3.90135 - 0.960096i
-1.27987 - 1.55008i
-2.19353 - 0.8535i
5.90336 - 0.779681i
0.33045 + 1.38384i
1.52093 - 1.04758i
0.527589 - 3.30751i
-3.26943 + 0.51109i
-6.4703 - 4.64101i
-1.95528 + 2.63539i
4.98657 - 0.961354i
-1.09056 + 6.25075i
1.62493 + 6.27341i
0.989844 + 2.07243i
-2.37616 + 1.55056i
-5.59264 - 2.17169i
-2.4174 - 2.28807i
5.00774 + 1.60282i
-1.17993 + 2.00137i
-4.2561 - 4.01716i
3.47555 + 0.923132i
-7.31351 - 2.5784i
1.31498 - 3.22765i
2.18564 + 0.831839i
-0.271203 - 4.03333i
2.81456 - 0.82286i
-1.42341 + 0.378765i
0.190947 + 4.53197i
2.13776 + 0.431892i
-2.57329 + 0.8582i
3.4399 - 0.78421i
-1.80905 - 2.71016i
-0.705334 - 2.08263i
0.659101 + 0.208729i
-1.92936 - 2.38353i
-2.84293 - 2.28327i
1.69651 - 2.21029i
-1.42616 + 3.08181i
-1.11358 - 0.814214i
-4.92996 - 1.09009i
1.01746 + 2.97208i
-1.69934 - 2.53404i
-2.96113 + 0.948915i
-4.2716 + 0.646172i
-3.45257 - 2.42201i
-1.92907 + 0.271592i
-0.768186 + 1.80196i
5.19018 + 1.09939i
-0.587914 + 0.237197i
1.65056 - 2.93567i
-0.664221 - 1.08425i
-2.64969 + 0.941923i
-1.55907 + 2.74359i
-1.18654 + 3.3276i
-1.94856 + 1.85082i
2.82557 - 3.11741i
-1.27986 + 0.0954678i
-4.60566 - 0.0961792i
-4.35755 + 2.52394i
-0.563904 - 0.285057i
0.662138 + 1.71886i
0.145379 + 0.335507i
0.963059 - 2.4962i
-4.00029 + 2.26834i
2.00215 + 0.0618089i
1.98597 - 1.98412i
-1.60903 + 1.48532i
1.54237 + 2.43923i
-0.0321513 - 4.13917i
4.00112 - 3.54541i
1.94948 - 2.49235i
-3.04327 + 2.92742i
2.05343 - 1.92666i
-0.86237 - 3.14702i
2.90425 + 4.37392i
-2.06959 - 1.26291i
1.41329 + 5.54738i
3.06512 + 0.0829815i
-1.988 - 0.0147064i
-3.98428 + 1.08429i
5.0466 + 3.50324i
1.37474 + 1.69746i
2.56992 - 3.07958i
1.28229 + 0.991178i
-1.45028 - 3.62746i
-0.407196 + 1.70772i
-2.26392 + 4.54026i
-4.22523 - 2.85523i
-4.65893 - 1.12578i
1.48793 - 3.257i
-2.15569 + 0.434499i
-2.20124 + 0.819691i
0.131121 + 0.478319i
1.34269 + 4.90658i
2.76644 - 1.15424i
-4.20845 - 1.68448i
-0.870972 - 0.353679i
0.383668 - 0.47516i
-2.28766 - 2.70047i
2.03222 - 1.21999i
-1.4402 + 0.206426i
0.947689 + 0.80984i
0.111047 + 1.87174i
1.17391 + 1.57143i
-1.60593 + 0.887068i
1.98695 + 1.90981i
2.75816 - 6.04429i
2.60456 + 1.10881i
-1.03005 - 1.23953i
3.20301 + 3.90639i
3.54739 - 2.49763i
0.865287 + 1.47616i
0.628909 - 2.06594i
-3.49269 - 0.156543i
-1.28251 - 4.41784i
-2.54296 - 4.06686i
-0.541659 - 0.352771i
-1.12343 - 0.0674654i
-2.90925 + 1.38789i
1.60745 + 0.698161i
1.09224 + 0.993129i
1.47588 - 2.02739i
-1.99316 - 0.86453i
3.64301 + 1.34332i
0.633108 - 0.292244i
-3.06686 - 1.54247i
-3.85024 + 0.304115i
1.87587 - 1.19495i
3.46181 - 1.31864i
0.357468 + 0.293918i
4.31108 - 3.24264i
0.819064 - 3.40342i
-0.800858 + 0.601542i
-1.65623 - 2.14329i
3.42085 + 2.51667i
0.962202 + 1.05433i
-5.02717 - 3.49037i
1.44839 + 1.96381i
0.329849 - 0.81924i
0.669408 - 3.30009i
2.56595 + 3.10941i
4.81678 + 1.66636i
-1.45809 - 4.35368i
1.02798 - 5.64221i
-0.91365 + 1.33839i
-2.17312 + 2.52974i
1.11404 + 1.23777i
-4.01971 + 0.0019604i
0.253985 - 1.68488i
3.27848 + 2.4669i
3.17837 - 3.37369i
-4.28099 + 1.10645i
2.31589 - 3.12694i
2.40206 - 4.12244i
1.33697 - 3.47608i
-3.15794 - 2.23477i
1.19237 + 2.55236i
-3.15794 - 2.23477i
1.33697 - 3.47608i
2.40206 - 4.12244i
2.31589 - 3.12694i
-4.28099 + 1.10645i
3.17837 - 3.37369i
3.27848 + 2.4669i
0.253985 - 1.68488i
-4.01971 + 0.0019604i
1.11404 + 1.23777i
-2.17312 + 2.52974i
-0.91365 + 1.33839i
1.02798 - 5.64221i
-1.45809 - 4.35368i
4.81678 + 1.66636i
2.56595 + 3.10941i
0.669408 - 3.30009i
0.329849 - 0.81924i
1.44839 + 1.96381i
-5.02717 - 3.49037i
0.962202 + 1.05433i
3.42085 + 2.51667i
-1.65623 - 2.14329i
-0.800858 + 0.601542i
0.819064 - 3.40342i
4.31108 - 3.24264i
0.357468 + 0.293918i
3.46181 - 1.31864i
1.87587 - 1.19495i
-3.85024 + 0.304115i
-3.06686 - 1.54247i
0.633108 - 0.292244i
3.64301 + 1.34332i
-1.99316 - 0.86453i
1.47588 - 2.02739i
1.09224 + 0.993129i
1.60745 + 0.698161i
-2.90925 + 1.38789i
-1.12343 - 0.0674654i
-0.541659 - 0.352771i
-2.54296 - 4.06686i
-1.28251 - 4.41784i
-3.49269 - 0.156543i
0.628909 - 2.06594i
0.865287 + 1.47616i
3.54739 - 2.49763i
3.20301 + 3.90639i
-1.03005 - 1.23953i
2.60456 + 1.10881i
2.75816 - 6.04429i
1.98695 + 1.90981i
-1.60593 + 0.887068i
1.17391 + 1.57143i
0.111047 + 1.87174i
0.947689 + 0.80984i
-1.4402 + 0.206426i
2.03222 - 1.21999i
-2.28766 - 2.70047i
0.383668 - 0.47516i
-0.870972 - 0.353679i
-4.20845 - 1.68448i
2.76644 - 1.15424i
1.34269 + 4.90658i
0.131121 + 0.478319i
-2.20124 + 0.819691i
-2.15569 + 0.434499i
1.48793 - 3.257i
-4.65893 - 1.12578i
-4.22523 - 2.85523i
-2.26392 + 4.54026i
-0.407196 + 1.70772i
-1.45028 - 3.62746i
1.28229 + 0.991178i
2.56992 - 3.07958i
1.37474 + 1.69746i
5.0466 + 3.50324i
-3.98428 + 1.08429i
-1.988 - 0.0147064i
3.06512 + 0.0829815i
1.41329 + 5.54738i
-2.06959 - 1.26291i
2.90425 + 4.37392i
-0.86237 - 3.14702i
2.05343 - 1.92666i
-3.04327 + 2.92742i
1.94948 - 2.49235i
4.00112 - 3.54541i
-0.0321513 - 4.13917i
1.54237 + 2.43923i
-1.60903 + 1.48532i
1.98597 - 1.98412i
2.00215 + 0.0618089i
-4.00029 + 2.26834i
0.963059 - 2.4962i
0.145379 + 0.335507i
0.662138 + 1.71886i
-0.563904 - 0.285057i
-4.35755 + 2.52394i
-4.60566 - 0.0961792i
-1.27986 + 0.0954678i
2.82557 - 3.11741i
-1.94856 + 1.85082i
-1.18654 + 3.3276i
-1.55907 + 2.74359i
-2.64969 + 0.941923i
-0.664221 - 1.08425i
1.65056 - 2.93567i
-0.587914 + 0.237197i
5.19018 + 1.09939i
-0.768186 + 1.80196i
-1.92907 + 0.271592i
-3.45257 - 2.42201i
-4.2716 + 0.646172i
-2.96113 + 0.948915i
-1.69934 - 2.53404i
1.01746 + 2.97208i
-4.92996 - 1.09009i
-1.11358 - 0.814214i
-1.42616 + 3.08181i
1.69651 - 2.21029i
-2.84293 - 2.28327i
-1.92936 - 2.38353i
0.659101 + 0.208729i
-0.705334 - 2.08263i
-1.80905 - 2.71016i
3.4399 - 0.78421i
-2.57329 + 0.8582i
2.13776 + 0.431892i
0.190947 + 4.53197i
-1.42341 + 0.378765i
2.81456 - 0.82286i
-0.271203 - 4.03333i
2.18564 + 0.831839i
1.31498 - 3.22765i
-7.31351 - 2.5784i
3.47555 + 0.923132i
-4.2561 - 4.01716i
-1.17993 + 2.00137i
5.00774 + 1.60282i
-2.4174 - 2.28807i
-5.59264 - 2.17169i
-2.37616 + 1.55056i
0.989844 + 2.07243i
1.62493 + 6.27341i
-1.09056 + 6.25075i
4.98657 - 0.961354i
-1.95528 + 2.63539i
-6.4703 - 4.64101i
-3.26943 + 0.51109i
0.527589 - 3.30751i
1.52093 - 1.04758i
0.33045 + 1.38384i
5.90336 - 0.779681i
-2.19353 - 0.8535i
-1.27987 - 1.55008i
-3.90135 - 0.960096i
1.782 + 0.351892i
3.54814 + 2.08837i
-2.09295 - 2.24517i
0.248236 - 3.08695i
2.4745 - 4.27723i
1.19704 - 5.39586i
2.77973 - 5.32495i
-1.67782 - 0.723615i
-4.5659 - 2.21437i
-0.271475 + 1.84099i
1.26656 - 1.17066i
-1.88252 - 1.58763i
-3.82999 + 3.68544i
0.392904 - 0.363097i
-1.47509 - 1.3601i
-1.23101 + 0.41714i
6.06115 - 3.85673i
-1.92564 + 4.04586i
1.21624 + 2.25278i
-1.40327 - 2.1999i
-0.155033 - 0.808422i
-4.47843 - 2.45998i
-1.93954 + 1.3566i
-4.1458 + 3.64141i
1.39733 - 1.21437i
0.990233 + 2.54108i
0.390916 + 0.392451i
-2.25645 - 0.901258i
-1.97581 + 3.30332i
-2.54303 - 0.429631i
-5.5144 + 2.2068i
1.07727 + 1.03185i
-1.32233 + 0.5639i
-0.843206 + 6.24141i
-0.0415757 - 0.899038i
-0.0163989 + 0.763895i
1.05207 + 0.0379717i
-2.88024 - 1.59402i
-0.719878 + 0.764556i
4.66062 - 2.04062i
-3.08466 + 1.14344i
-3.364 + 4.30371i
-1.95237 - 0.0319542i
2.26849 - 0.707703i
-1.15415 + 1.12528i
-1.77699 - 3.00278i
1.31672 - 3.02205i
1.85962 - 2.11828i
0.59174 + 2.79718i
0.499027 - 3.46349i
4.31423 + 2.88409i
3.14732 - 4.21675i
3.30573 - 1.02114i
0.395451 + 4.67982i
0.0559659 - 0.0701079i
-2.54597 + 0.676414i
0.67113 + 2.14514i
-1.79069 - 3.07074i
2.30634 - 0.0211356i
-3.61042 - 2.26955i
-1.5959 - 0.0286814i
0.956846 - 2.48764i
1.34342 + 1.61363i
1.00059 - 2.7027i
-1.59752 - 0.237036i
1.61743 - 0.739293i
-2.20612 - 0.395751i
-5.36832 + 1.92172i
1.46534 - 1.19703i
-0.615069 - 1.88604i
5.81014 - 2.0328i
0.914436 + 2.84821i
0.153004 - 3.70354i
-1.1639 + 3.50533i
-0.411126 + 0.754866i
0.402838 - 2.01166i
-2.19591 - 1.15556i
2.8536 + 2.53952i
0.77764 + 0.00331211i
0.400504 + 0.911666i
-3.12948 - 0.704475i
-2.01491 + 0.273796i
-2.31689 + 2.48342i
4.78376 + 0.98879i
-3.08228 - 2.5555i
-1.30168 - 0.921541i
-0.626755 + 1.27444i
1.10491 - 0.342709i
2.90678 - 0.71734i
1.22646 + 0.671184i
0.864437 - 2.11823i
-0.517718 - 2.88681i
-1.8789 - 0.700141i
2.96073 - 0.071485i
-1.40078 - 5.81647i
2.72108 - 4.81807i
-0.657219 + 3.65772i
-2.47522 + 0.621662i
2.84808 - 1.13302i
1.86673 + 0.582504i
-1.59586 + 0.106362i
3.24305 - 2.90311i
-1.39417 - 3.18775i
-1.1428 + 0.135012i
-1.22927 - 2.16847i
-0.151858 - 1.24319i
3.06089 - 3.51202i
1.56419 - 1.16076i
3.78836 - 0.672277i
-2.58683 + 0.310999i
-2.77537 + 0.406007i
0.352041 + 0.00119199i
-2.34794 + 0.836822i
2.15376 + 0.0220232i
-2.00186 - 0.708017i
-0.711514 + 0.58286i
-0.611534 - 1.11895i
-1.24363 - 0.516456i
1.5832 - 1.99943i
-2.6694 - 0.473487i
-2.43777 + 4.00468i
-4.43919 - 0.809167i
-0.250782 + 1.55821i
0.227061 - 3.4823i
0.587277 + 1.94877i
3.11438 + 4.04998i
-1.4893 - 2.5502i
3.80356 + 0.804058i
3.33361 - 1.51371i
5.29167 - 4.25138i
-1.50334 + 1.22473i
-1.50048 - 1.00434i
1.84757 + 1.28125i
-2.19349 - 1.99723i
-0.88931 + 1.46464i
-0.0430961 + 2.18528i
-2.62144 + 0.0933118i
2.4184 - 0.221313i
-2.20666 + 1.21935i
-0.391203 - 1.6686i
-0.181649 - 0.722504i
-1.2006 - 2.90615i
1.44498 - 3.2145i
0.435976 - 2.50334i
0.488632 - 1.71006i
2.85662 + 0.0133268i
-0.899301 - 2.54581i
3.4209 + 3.63521i
2.4102 + 3.72219i
-0.587795 - 3.07899i
2.80284 - 0.280556i
-2.34079 + 0.00191349i
-2.29735 - 6.52824i
3.12944 - 1.81664i
-3.43407 - 3.32081i
-1.83235 - 2.40554i
-0.787194 - 0.220215i
-2.54553 - 2.39149i
0.301092 + 0.471488i
0.864915 + 1.30109i
0.582192 - 1.29965i
-0.445053 - 3.67988i
2.85928 + 1.70861i
-3.4011 - 0.473941i
-0.46929 - 1.94228i
0.667738 + 0.37435i
-1.2333 - 2.60031i
4.11751 + 2.52338i
0.274287 - 0.85114i
-1.48059 - 5.3153i
0.550561 - 2.92845i
1.28505 - 2.73044i
0.420905 - 0.460679i
3.41 - 3.88414i
4.3663 + 2.46049i
6.44961 - 0.930579i
1.85941 + 1.57484i
-3.56614 - 2.76252i
-1.01947 + 2.68314i
-0.527545 + 1.1489i
-2.9655 + 1.41213i
0.174033 - 1.92932i
3.46009 - 0.493179i
-1.5693 - 0.900273i
6.34777 + 2.59934i
0.139664 + 5.77991i
-1.51312 + 1.15038i
-2.80214 + 3.54719i
-0.614204 - 3.08713i
0.59202 - 0.410086i
-1.13214 + 0.745502i
5.35008 + 1.01112i
-2.11266 - 2.16522i
0.280542 - 0.605377i
-2.14955 - 3.18123i
1.35395 + 2.49333i
0.708121 + 0.322327i
0.640089 - 2.27986i
-2.43615 + 1.22905i
1.24805 - 0.0874094i
-0.307823 - 1.15555i
0.108454 - 3.84042i
-5.69174 - 1.76067i
-3.04765 + 0.430185i
-3.25711 + 3.29473i
0.0631748 + 1.53658i
-0.404631 + 3.89643i
0.144949 + 1.785i
2.42857 + 2.0171i
-1.22866 + 2.99197i
-2.37367 - 0.92388i
-3.01694 + 2.83057i
0.035404 + 5.54947i
1.13716 - 0.832227i
0.922495 + 1.55004i
-4.89458 - 3.06378i
-2.53759 - 1.65535i
-2.20326 + 2.17928i
4.35802 + 1.33756i
-2.88646 + 0.827089i
-0.438086 + 0.342686i
0.301201 + 1.68395i
0.362739 - 5.33432i
-1.3465 - 3.08958i
2.90154 - 2.0996i
-1.41873 + 0.0299996i
0.0826007 - 3.89745i
-3.94065 - 2.08701i
3.52443 - 0.311252i
4.01949 - 2.0486i
2.00089 + 3.98362i
1.7355 - 1.76924i
0.575375 - 0.0625496i
2.48114 + 0.834486i
2.87011 - 6.93614i
5.34108 + 3.26173i
-0.291838 + 1.13867i
-0.237928 + 0.98162i
-2.06591 + 1.37582i
-0.070199 - 1.00643i
1.94061 - 0.167956i
3.2594 + 3.06192i
-0.40254 + 3.66623i
3.65552 + 5.44941i
-1.56511 - 0.59287i
-3.57844 + 2.22269i
0.803795 + 4.97421i
0.483498 - 1.23917i
3.561 - 2.89231i
-3.41112 + 1.87561i
0.943358 - 2.53662i
0.018586 + 2.45474i
1.28971 + 0.437411i
-1.28594 + 1.71187i
-1.49799 - 1.71698i
-1.25212 + 0.192498i
2.02964 + 3.47412i
0.574312 - 0.725158i
-0.135884 + 2.24857i
-0.99942 - 2.07745i
-3.66653 - 0.587739i
-1.14489 - 1.46355i
2.2197 - 1.52059i
-0.239284 + 2.0322i
-4.12285 - 0.144569i
-2.78607 - 0.882533i
2.05678 - 0.961174i
-1.98271 + 3.51675i
2.71772 + 2.00942i
1.10723 + 5.38206i
1.96705 - 3.62013i
1.00507 + 2.57364i
0.546792 + 1.06617i
2.26534 + 2.2898i
3.80432 - 2.42457i
-0.687757 - 1.86647i
3.46961 - 0.69081i
1.89956 + 1.32388i
2.51411 - 1.45559i
-1.9867 - 1.65405i
-1.06707 - 0.208279i
-0.664001 + 2.12486i
2.97694 + 0.154897i
0.607288 - 1.17153i
-2.87772 + 3.31693i
-2.58006 + 3.47833i
-0.694397 - 0.345095i
0.200066 - 2.36471i
-0.851257 - 2.2698i
-0.0173251 + 1.44138i
1.52586 - 3.09994i
-0.758844 - 2.51056i
-1.6731 - 1.00954i
-1.09134 + 2.27546i
-1.56446 + 0.430347i
4.25234 + 1.0102i
-2.49943 - 6.15704i
1.77416 - 1.77104i
-1.7135 + 2.26675i
-2.34376 + 3.6473i
-2.70296 - 2.65293i
-2.36891 - 2.48576i
-1.76992 - 2.17343i
-1.21915 - 2.62515i
-2.49621 - 0.190346i
5.03625 - 3.40812i
-0.477349 - 1.70066i
3.42895 + 1.65584i
-0.541031 + 1.10772i
-0.286069 - 0.649616i
-5.30397 - 2.41248i
3.82747 + 0.413965i
-0.362614 + 4.69178i
-1.2518 + 3.14587i
-0.924515 - 2.10472i
-0.0952898 + 1.82834i
2.20389 - 7.73086i
-1.09394 - 0.019161i
1.35021 + 1.74199i
-3.4406 - 1.7799i
1.42449 - 1.79548i
3.15625 + 5.96766i
-1.49462 + 1.48891i
0.60849 + 4.33426i
2.54509 + 1.74887i
1.98857 - 1.77365i
-1.63634 - 1.74171i
1.86351 - 2.77961i
0.779564 + 1.21117i
-2.07146 + 0.134987i
-0.210286 - 2.45849i
2.11677 + 6.80491i
0.669925 - 0.435683i
-2.84333 - 0.886473i
-0.6292 - 3.68258i
2.48353 + 1.36522i
3.62889 + 0.245991i
-2.34435 - 1.16037i
1.4099 - 0.658512i
-2.92804 - 3.65111i
-4.97835 - 0.539146i
-6.50992 - 0.524475i
-2.94808 + 0.149315i
-4.15119 + 2.39635i
2.63229 + 3.12i
2.50756 - 1.15496i
-0.603405 + 1.11295i
-0.73998 + 1.43926i
4.07769 + 3.38506i
2.14387 + 1.05928i
5.6002 - 0.933458i
-1.82362 + 5.27914i
-0.902364 - 0.243497i
-0.152265 + 3.97668i
-1.87048 - 4.68433i
-1.74471 + 0.154506i
0.700284 + 5.60994i
-0.345585 - 4.21176i
2.00312 - 2.86694i
3.43036 + 2.6973i
-0.825654 - 3.0569i
-1.10052 - 3.26075i
0.101811 - 2.88277i
-1.24906 - 4.7767i
0.854743 - 0.683324i
3.85855 - 0.213493i
-1.50584 - 3.16635i
4.4616 - 1.67276i
0.453277 - 2.13752i
1.97529 - 3.71297i
3.82799 + 0.313833i
-0.209688 + 3.42699i
2.08942 - 0.549939i
-1.50895 + 3.01912i
0.403793 + 1.59371i
-2.87138 + 2.60551i
-0.479861 - 0.170251i
2.56164 + 1.4496i
0.929661 - 1.89078i
1.48354 - 4.95543i
3.13157 + 0.378442i
1.15802 - 0.862167i
-1.37535 - 1.02291i
0.499429 - 2.80101i
0.262354 + 3.67696i
1.67146 + 0.106173i
1.34184 + 3.16231i
-0.625001 - 1.55928i
-1.48276 - 3.51634i
-0.267353 - 2.1227i
3.83311 + 2.07806i
0.897814 + 4.83727i
-0.0403064 - 1.03097i
1.48674 - 6.69198i
1.68761 - 1.73775i
-0.395378 + 1.11197i
4.79703 + 3.97251i
-3.77615 - 2.3561i
-1.89775 + 5.30071i
-0.255486 - 2.3904i
-4.21997 + 4.17662i
-4.42777 - 3.64312i
-3.53432 - 4.6777i
-0.910892 + 0.778158i
3.39629 + 2.6819i
-0.493302 - 7.55136i
-2.62219 - 2.04228i
-1.36084 - 2.20273i
0.572545 + 1.70454i
-4.50269 - 3.23947i
-2.9837 + 0.127507i
-2.72799 + 1.80708i
1.00293 + 1.8055i
-0.386474 - 4.58752i
0.663283 + 0.814532i
2.44963 - 2.56392i
1.74503 - 2.18776i
2.28353 - 0.999854i
-1.86828 - 0.0436698i
-0.886918 - 1.32269i
-1.45045 + 1.74937i
0.138413 - 1.58978i
0.208405 + 0.776645i
-0.885443 + 0.979926i
0.0860885 - 0.39041i
2.54706 + 0.681581i
2.24068 + 0.612087i
3.14856 + 0.262185i
-0.855773 - 0.620257i
0.752997 - 4.35711i
-2.22259 - 1.46635i
0.496139 - 1.97794i
0.742354 - 1.38107i
-1.27194 + 1.11323i
1.61038 - 3.44896i
-2.46509 - 0.853624i
-0.484073 - 0.342999i
2.63139 - 2.40056i
0.802278 + 0.809084i
3.13272 + 3.95303i
-0.96429 - 0.520637i
-0.155949 - 0.938481i
2.01968 + 3.61658i
-6.21263 + 1.15757i
1.55281 - 0.270982i
-2.98466 - 2.85208i
0.238563 - 1.0409i
-4.50355 + 0.265503i
-2.08575 + 4.44635i
2.55068 - 0.361204i
-0.763808 - 1.00916i
3.76103 - 1.9999i
1.48281 + 0.106636i
2.04778 + 3.31509i
-0.0262404 + 3.29456i
3.44454 + 0.748508i
-3.28724 + 0.572452i
2.64069 - 0.622797i
1.7852 + 0.921051i
0.481259 + 1.89879i
0.507007 + 0.428754i
1.53418 + 2.37649i
-3.15288 - 1.96021i
5.48184 + 1.38466i
-0.00721836 - 0.887315i
2.47972 - 0.132109i
4.04787 + 0.559541i
0.55511 + 2.45935i
-0.721611 + 3.63525i
1.87848 - 2.49878i
3.85163 + 3.04473i
2.07015 - 0.395563i
2.15476 - 1.06197i
-0.238313 + 2.8682i
-1.52953 + 6.05181i
-0.0776302 + 0.0408922i
-0.648741 + 4.25578i
-1.95381 - 4.05085i
-1.04375 + 0.333628i
-1.83212 - 2.36434i
1.17838 + 0.442985i
-2.60213 + 0.778621i
0.0771367 + 0.440642i
4.36614 + 1.21409i
1.82354 - 0.821997i
-1.34451 + 3.52347i
-1.83358 + 1.18005i
-0.583531 - 3.79217i
0.267838 + 1.83826i
1.5859 + 0.0612453i
0.0409608 + 2.42697i
-1.98088 - 1.33522i
4.17278 + 4.91017i
-1.55538 + 1.8876i
-2.09676 + 1.03383i
-3.42015 + 1.07335i
-1.64844 + 2.31514i
4.69029 - 2.95928i
-2.72042 + 2.14432i
2.71544 + 1.9123i
-2.65693 - 1.51186i
-1.70365 + 1.05061i
1.12255 - 2.0296i
1.22597 - 1.93011i
0.365303 + 1.46146i
0.211811 + 0.0900419i
-0.281761 + 2.72786i
-2.31268 - 1.55886i
1.44855 + 4.82786i
1.08247 - 0.521238i
-0.925377 + 4.22352i
1.62815 - 0.110625i
1.09056 + 0.0584145i
-0.522221 - 2.46339i
1.72698 - 1.36112i
-2.25991 - 2.14401i
-3.01028 - 0.371684i
3.85778 - 0.304485i
-2.94567 - 1.86205i
-4.10593 - 3.25955i
-0.137164 + 0.204095i
1.36723 - 3.91969i
5.72046 - 0.603624i
-1.73849 - 4.14437i
-4.10137 + 1.0341i
-1.20946 + 3.6198i
-4.19318 + 0.280926i
-1.3472 + 2.95005i
-0.776259 - 1.87089i
3.21175 - 0.370205i
2.07209 + 1.84157i
-2.90014 - 4.77708i
0.822422 - 1.49389i
1.66936 - 1.52658i
-5.29016 + 3.04506i
-4.42121 - 4.50392i
-2.07339 - 1.52902i
0.243397 - 2.21633i
-0.34588 - 3.11614i
0.991415 + 0.820899i
1.60101 - 0.531107i
0.593471 - 3.07398i
5.64168 - 1.45499i
3.8552 + 2.89003i
-1.51625 + 0.794689i
1.65897 + 1.3497i
-0.258709 + 2.04898i
1.77095 - 5.60331i
2.81437 - 0.819709i
2.31903 - 0.404123i
-0.947611 - 2.60044i
3.20523 - 1.87609i
-2.37491 + 1.51798i
1.64245 - 3.05617i
2.62264 + 5.37079i
3.22671 + 0.751433i
-1.13338 + 1.90379i
1.02631 + 1.59966i
-1.83592 - 1.52051i
0.740778 + 1.92101i
-0.922385 + 1.65871i
-3.35949 + 2.33723i
2.67029 - 0.925682i
2.67203 + 1.5682i
2.80512 + 3.92179i
-0.441044 - 1.10116i
1.15998 + 0.557785i
-1.07858 + 0.00557423i
2.66708 - 1.88081i
0.633921 + 0.0340251i
-0.872942 - 3.20761i
-1.4536 + 1.08674i
1.41477 + 2.65971i
-1.50655 + 0.523803i
-2.17272 - 1.4998i
4.21638 + 2.09643i
-1.2225 - 1.98721i
1.66702 + 5.44931i
-1.83593 + 0.976494i
-0.994522 - 2.01102i
-1.11077 - 1.0869i
0.326261 - 1.03236i
-1.51067 - 1.26032i
-1.99811 - 0.38529i
-1.25653 + 0.338039i
-3.96765 + 1.69517i
-2.24359 - 2.1906i
-2.10895 + 1.65424i
-1.80892 + 2.15408i
1.66517 - 1.34054i
0.291613 - 0.527301i
2.79355 - 1.90254i
5.00254 + 0.500796i
3.33934 + 0.156247i
-0.762125 + 0.216285i
-1.15116 + 5.11212i
4.30722 - 5.3665i
-0.177605 - 0.377229i
-1.5314 - 2.5571i
-0.00372612 - 0.819567i
0.614877 + 1.30327i
-1.94272 + 3.20102i
-0.098922 - 1.44811i
-1.92189 + 4.4302i
-2.12949 + 4.39281i
-0.0559502 - 0.573329i
0.0510789 - 0.183595i
0.922968 + 0.919263i
2.39386 + 1.47993i
-0.584258 + 2.71872i
4.65579 + 0.548198i
-0.821064 + 0.752391i
-1.32015 + 0.588114i
-3.87239 - 1.55874i
-2.82339 + 1.09569i
3.54668 + 1.13689i
-2.93785 - 2.15054i
-1.81588 - 2.35509i
-5.94775 + 1.03667i
-2.18724 - 3.75395i
1.76738 + 4.2868i
0.0877417 + 0.545312i
0.183307 - 1.63834i
-2.07326 - 0.246952i
3.06058 + 1.1222i
1.41134 - 0.548168i
2.13961 - 0.527218i
1.97651 - 1.62554i
0.358484 + 1.11631i
1.12236 - 1.1303i
0.282749 + 4.01944i
1.54392 - 0.764127i
-0.401326 - 0.178924i
-1.57779 - 1.06393i
1.31701 + 1.17542i
-1.88633 - 1.77002i
-0.730133 - 0.57585i
-0.271787 - 1.06387i
3.27845 + 2.85955i
-1.20424 - 3.90047i
-4.01794 + 0.0761071i
-3.51756 + 2.93422i
0.810971 - 0.38514i
0.514213 + 3.98922i
-1.03701 + 1.64314i
-1.39 - 1.98106i
1.55188 + 2.1955i
3.0496 - 0.621719i
-2.01947 - 1.53555i
1.27848 + 3.1113i
-1.7406 - 1.96472i
-0.440902 + 1.18555i
3.93659 - 1.84986i
0.512576 + 1.93451i
5.00403 + 0.234684i
0.109731 - 2.90545i
-1.69368 + 0.115164i
-0.636639 + 4.21211i
-4.3179 + 0.034043i
-3.64624 - 1.51176i
2.76492 + 1.30703i
0.534495 - 4.03296i
-6.04299 + 0.468942i
-0.0980304 + 0.351605i
-0.304925 - 0.344714i
5.12066 + 2.72063i
1.10577 - 1.41427i
-3.99909 - 1.00355i
-1.59664 - 2.628i
2.08668 - 0.386738i
0.456731 - 1.76935i
-0.537327 + 1.24111i
-2.60108 + 1.66814i
2.41212 - 2.98772i
-2.09498 + 1.35266i
2.87334 + 0.743679i
-2.15466 + 0.347158i
1.00739 + 4.37761i
-2.68017 + 3.03662i
-1.42297 - 2.23816i
3.28798 - 1.6508i
-1.48097 + 0.291491i
-3.65526 - 2.39205i
2.09341 - 1.50648i
-4.96858 - 2.7874i
-1.75593 + 0.161375i
-1.63195 + 0.793101i
0.645553 - 1.88543i
-2.93152 - 2.76427i
0.816259 - 2.80704i
-1.15803 + 0.519017i
0.00352371 - 0.0735681i
3.45443 + 0.967928i
3.24387 - 1.46637i
0.0973931 + 1.21081i
-0.449824 + 1.02156i
-0.403013 - 6.21436i
6.2798 - 5.17837i
-0.769809 - 2.66354i
-1.02896 - 2.87829i
-1.86632 - 1.70121i
-1.02721 + 0.0983477i
1.6519 + 2.36181i
-1.80468 - 4.66551i
-1.5401 + 2.23234i
1.14295 - 0.46342i
1.52292 - 2.07179i
1.88588 + 0.0104998i
1.10471 - 1.09676i
2.13518 - 5.56109i
4.29888 - 0.852596i
-0.0528762 + 3.94372i
-1.62483 + 1.28542i
-2.61241 + 3.5675i
-1.82255 + 0.276699i
-2.74146 + 0.911444i
-1.10068 - 1.10001i
-2.13437 + 2.89512i
-3.1931 - 0.544935i
1.45273 + 4.31355i
-0.876315 + 1.25458i
-0.73112 + 0.824985i
-0.606845 - 1.33529i
-1.22362 - 0.570915i
0.243485 - 2.01573i
-3.8947 - 4.25084i
1.39991 + 0.60465i
-0.384805 - 5.13926i
-0.43759 - 3.1505i
0.229506 - 1.13108i
-6.75599 - 0.323087i
0.571361 - 1.38151i
1.17413 - 4.19502i
1.93577 + 1.42902i
0.557359 - 0.674393i
1.38029 - 3.98111i
-0.230874 - 0.14057i
-0.641243 - 1.39544i
0.55241 + 4.96076i
-0.92774 + 0.576799i
1.21395 - 3.5288i
-2.42015 - 1.02465i
3.33043 - 0.102607i
-2.35873 - 1.24339i
-0.471913 + 3.94931i
-1.45765 + 1.68816i
-0.88156 - 0.856626i
1.53378 - 2.10341i
1.72139 + 4.03122i
0.883597 + 3.25298i
1.95046 + 2.39397i
0.133333 - 2.03441i
-5.21833 - 0.70981i
-1.94409 - 0.560632i
-1.78779 + 2.15204i
1.01198 + 0.799967i
1.28289 + 0.528377i
1.57628 - 3.05668i
1.93502 - 1.66513i
0.784885 + 0.846889i
-0.227295 + 1.29679i
4.54377 + 1.53737i
-0.410847 + 0.4049i
-1.83746 + 4.18846i
-4.25792 - 4.82701i
-1.43355 - 1.54356i
2.74425 - 2.28132i
1.41812 - 0.572192i
-0.454819 + 0.0592977i
-1.02214 + 1.53818i
1.39899 + 2.43325i
-2.1174 - 3.15234i
-2.23553 + 1.90793i
-0.538604 + 3.20373i
-0.261313 + 2.11586i
2.14198 + 2.16134i
-1.27365 - 1.07055i
-0.330649 + 6.21677i
-0.36598 - 0.411242i
-3.16328 - 2.64908i
-5.66282 + 3.2412i
1.3724 - 1.29899i
-0.115433 - 3.85244i
3.85793 - 1.3995i
5.45125 + 7.19032i
0.0294816 - 0.637691i
1.34923 - 3.00706i
0.427049 - 4.03251i
-4.29439 + 7.74862i
-0.919552 - 0.512052i
-3.09552 + 2.74358i
2.33358 + 1.68658i
2.31413 + 0.647275i
-0.706947 - 1.63717i
4.54625 + 2.6399i
0.604599 + 3.13334i
-1.98654 - 2.5645i
-3.05413 - 1.2415i
1.59162 - 1.88672i
-0.866603 - 1.21565i
-0.775673 + 0.794997i
-1.1891 + 1.97281i
-4.13519 - 4.53467i
-0.576229 - 1.45883i
-2.90953 - 0.438137i
-3.4442 - 3.75877i
-5.27557 + 3.82281i
-1.00174 - 2.52126i
-4.31694 - 1.52665i
0.586834 - 0.151399i
-3.76054 - 0.296244i
-4.71515 - 0.829062i
-2.51491 - 0.861415i
-0.256152 + 6.10206i
0.917385 - 2.51171i
-2.4407 - 1.08169i
0.856155 + 2.18199i
1.02326 - 1.16347i
1.24618 + 2.98761i
3.44324 + 2.75495i
-2.36289 - 2.46118i
-3.26527 + 1.89544i
3.37166 - 2.01498i
3.83373 - 2.54711i
1.82348 + 0.846896i
-0.662637 - 1.28415i
3.06858 - 2.80449i
-2.94006 - 1.66797i
-0.643544 - 1.34392i
0.712471 - 7.37145i
-0.75247 + 0.965515i
-0.451635 - 3.1148i
-6.54351 + 1.71577i
-3.80632 - 1.97163i
1.60979 + 5.3647i
-1.6109 + 2.5172i
2.61578 + 2.62184i
0.955518 - 0.555891i
-1.39857 - 1.14196i
-0.429182 + 0.172402i
1.18166 - 1.39031i
3.2155 - 0.403436i
-2.32812 + 0.783459i
1.58236 + 0.562531i
0.749534 + 2.1435i
1.30924 + 0.667849i
-3.57121 - 2.20204i
-3.71002 + 0.306344i
-1.654 - 1.23316i
-0.69867 - 2.89782i
-3.37871 + 0.716578i
-2.59115 - 2.97294i
-1.96449 - 1.29965i
-1.32252 - 0.917773i
1.03109 - 1.23399i
0.781698 - 3.21349i
-2.18798 + 0.912795i
-1.50948 + 0.875889i
1.46308 - 3.55182i
2.70643 + 0.309109i
2.94488 + 3.76798i
-2.89247 + 0.853625i
-0.678053 + 2.11034i
-0.23281 - 2.35585i
6.96117 + 3.08471i
2.85266 - 1.57394i
