//czasowy przebieg sygnalu
13.9739
14.2795
13.9413
13.7901
14.1359
13.97
13.8068
13.8896
14.0819
14.0209
13.9502
14.1586
13.8768
14.2956
14.0478
13.8709
14.0621
14.149
14.0648
13.8881
13.8873
14.1601
14.2818
13.8959
14.2005
14.1857
14.3528
14.0873
13.8444
14.0438
14.0305
13.8138
13.8461
13.9516
13.932
14.0194
14.1002
14.127
14.1145
13.9835
13.7445
13.8087
13.8261
14.2499
14.1493
13.9794
14.0594
14.0047
13.8787
14.1871
14.1649
13.742
14.0534
13.9242
14.0998
14.0514
13.7944
14.1766
13.8993
14.0666
13.6669
13.8602
13.8651
13.8706
14.0785
14.1474
13.9628
14.3337
13.8728
14.0022
14.2848
13.8358
13.7827
13.757
14.1497
13.8811
14.2439
14.0591
14.0168
14.1318
14.1851
13.9645
13.7827
13.9507
14.31
14.2302
14.2091
13.8502
13.7797
14.076
13.721
14.2162
14.0259
14.1541
14.2278
13.8913
13.9354
14.2117
14.143
14.3482
13.793
14.2749
13.7905
14.013
14.0818
14.1689
13.9621
13.7364
13.9816
14.0067
13.8429
13.828
14.2493
13.7967
13.6687
13.9993
14.1242
14.3402
14.0079
14.082
13.8345
13.7307
13.8705
14.0507
13.8614
13.9689
13.8513
13.9654
13.9168
13.8097
13.8605
13.8725
14.115
14.0843
14.0255
13.8757
13.7038
14.1362
13.8066
14.3035
13.8839
13.9045
13.9804
13.8795
14.16
14.0108
14.1192
13.991
14.0342
13.8
13.8566
13.9853
14.0728
14.1846
13.7075
14.1643
13.7986
14.285
13.8936
13.8265
13.9151
14.0395
14.0708
14.323
13.7052
13.8813
14.1101
13.7429
14.251
14.056
14.3672
14.1616
14.1051
14.0692
13.8202
13.9917
13.7844
13.8623
14.251
14.3467
14.0835
14.092
13.8895
13.9164
13.7077
13.7688
13.9581
14.1695
14.1056
13.9069
14.0819
13.9077
13.787
14.1661
13.767
14.3801
14.2436
13.7948
13.9107
14.0105
13.6732
13.8457
14.0839
13.7827
13.7659
14.047
13.9942
13.8459
14.066
14.0462
13.687
14.2174
13.9952
14.1277
14.316
14.1284
14.1808
13.7925
14.2125
13.8977
13.6483
13.7845
13.8286
14.1931
14.0203
14.1864
13.8734
13.9677
13.9464
14.1284
14.1413
13.9734
14.0775
13.7508
13.9205
14.0389
14.1884
13.9377
13.9516
13.8783
13.9026
13.6723
13.8125
14.2207
14.0783
14.2704
13.7878
14.1136
14.2436
13.8637
13.7896
14.156
13.9295
13.907
13.8854
14.1459
13.9777
14.0379
13.9225
13.9456
14.0325
13.8526
13.7442
13.8433
14.0019
13.949
13.8731
14.2567
13.8266
14.1788
13.8206
13.7617
14.2388
13.9739
14.209
13.9885
13.8545
13.8629
14.1463
13.9806
14.3428
13.8071
14.1845
13.9806
13.945
13.8299
14.0329
13.945
13.8781
14.1615
13.8226
13.8664
13.7333
13.8206
14.0508
14.1456
14.338
14.0712
14.1683
14.0192
14.1185
14.2087
13.9262
14.2411
14.0395
14.28
14.1008
13.9841
14.1701
13.841
13.7836
14.3605
14.2523
14.118
14.2367
13.9303
13.9125
13.8573
13.682
13.9697
13.9381
14.1355
14.0369
14.205
13.9216
14.2883
14.1734
13.9632
13.9145
13.7566
13.8949
14.1934
14.2624
14.2669
13.8727
14.1489
13.6691
14.3313
14.106
13.8607
13.9965
13.9357
13.8297
14.2267
14.0219
14.2473
13.9814
14.3344
13.886
14.1829
14.0084
14.0381
13.9691
13.7471
13.9758
14.093
13.8212
13.8995
14.2009
13.9921
13.9675
13.8
13.8037
13.9515
13.8762
13.7187
13.825
14.0779
14.1365
14.1204
13.9854
13.8915
14.3013
13.6763
14.2472
13.9952
14.0466
13.9108
13.9689
14.2959
13.771
13.9155
13.8815
13.9409
13.795
13.9206
13.8865
13.6681
14.0426
13.6945
13.84
14.0485
14.1562
13.9684
14.3154
14.1384
14.2078
14.1845
14.084
13.717
14.0147
13.9159
13.922
14.0548
13.977
13.7786
13.7457
13.9531
13.8045
13.7344
14.0743
13.842
13.7131
14.2074
14.0468
14.0432
13.9333
14.0392
13.9243
14.0626
14.1322
13.7898
13.7145
13.6889
13.8084
14.037
14.0157
14.1148
13.9804
14.071
14.209
14.0144
13.7189
14.2637
14.0575
14.0189
13.9388
13.7566
13.894
14.1916
14.0639
14.0774
14.1118
13.7743
13.7874
13.979
13.8323
14.2334
14.1164
14.193
13.7112
14.133
14.1453
14.1563
13.9752
13.9444
14.1917
14.0323
13.7508
13.9449
14.0919
14.1302
13.9375
14.0411
13.7768
14.1552
14.2145
14.1268
13.8186
14.1853
13.7308
13.7614
13.8899
14.2149
13.7014
14.1398
13.7885
14.2249
13.7453
14.0691
14.1457
14.2569
13.8038
13.9747
13.9347
13.8057
14.0741
13.726
14.2673
13.9552
13.6684
13.8058
14.3062
14.0054
13.7079
14.0465
13.8233
13.9925
13.7966
14.1353
13.8662
14.0709
14.1494
14.2436
13.7539
14.1617
14.1498
13.8309
14.1407
13.795
13.9638
14.163
13.8661
13.9701
13.9108
13.6911
13.7556
13.7843
13.7653
14.274
13.9374
13.8178
13.763
13.6478
14.0821
13.7988
14.2607
14.1194
13.7459
14.1777
13.8628
13.8661
13.9343
14.3289
13.9299
14.034
14.1902
13.9716
13.9017
14.143
14.2406
13.9422
13.8643
14.1854
14.231
13.9015
13.7478
13.8827
14.1253
13.7705
13.9014
13.8391
13.7834
14.102
14.0939
14.198
14.1452
14.0563
14.024
14.2051
14.0913
13.6965
13.8568
13.7467
13.9693
13.7982
14.02
14.096
14.0019
14.2684
13.8309
14.2106
13.9959
14.1839
14.0321
14.2549
14.1212
13.9689
13.745
13.8203
13.7636
13.8228
13.7769
14.3004
13.7907
13.9569
14.0217
14.024
14.2615
14.0033
14.1866
14.0558
14.1297
14.2172
13.8689
13.8263
14.378
13.7035
14.1904
14.3508
14.1244
14.2589
14.2339
13.8129
14.2413
13.7386
13.9015
13.8378
14.2453
14.186
13.8068
14.1439
14.0992
13.7508
14.0256
13.6663
13.9899
14.0706
13.9493
14.312
14.1261
13.8139
13.8898
14.1208
14.1574
13.8077
13.6411
13.8654
14.2755
14.185
13.7603
13.7819
13.9596
13.7746
14.077
14.2742
13.8228
14.04
13.7653
14.3297
14.0563
13.7799
14.0411
14.04
13.9345
14.2529
14.0044
14.205
13.945
13.9228
14.0835
13.8538
13.8884
14.1606
13.8433
14.1298
14.1987
13.8826
14.0299
14.2475
13.7627
13.8691
13.852
13.7789
14.1881
14.1177
13.9926
13.7624
14.0653
13.8479
14.1214
13.7452
13.8284
13.7982
14.0827
14.1319
13.933
13.8886
13.7893
14.2056
14.2287
14.0401
14.1016
14.1874
13.9105
13.8145
14.0923
14.3457
14.0501
13.9413
13.995
13.86
14.2521
13.7046
13.7134
14.1786
14.2609
13.8933
14.0853
13.9348
14.0201
14.1019
13.9237
13.7791
14.1319
14.0806
13.9737
14.0267
14.0168
14.1802
14.3029
14.0683
14.2036
14.1697
13.9838
13.9717
13.8884
13.9361
13.8684
13.7451
13.9
13.7167
13.8988
13.6785
14.0281
13.9044
14.2912
14.1466
13.7706
14.0377
13.9464
13.7689
13.887
14.3521
14.1258
14.1249
14.0445
13.8934
14.1619
13.7224
14.1234
14.2153
13.8102
13.895
14.1829
13.8707
14.0735
13.8432
13.7696
13.6636
13.871
14.1628
14.0193
13.6894
14.0435
13.8829
13.9867
14.1308
14.276
13.9364
14.1482
14.3004
13.7938
14.0431
13.8758
13.9341
14.2112
13.6641
13.9818
14.195
13.9972
14.1445
13.8837
14.1339
13.7576
14.0438
14.2357
13.9861
13.9835
14.1827
14.2238
14.1591
14.0029
13.7639
13.7775
14.0254
13.9464
14.2758
14.2979
14.1882
14.0578
14.0117
13.8068
14.0932
14.0633
13.7984
13.9813
13.8037
13.887
14.0863
14.071
13.7865
13.8929
13.7849
14.0683
14.103
13.9565
14.1597
13.932
14.212
14.0474
14.3625
14.1558
13.7163
13.6926
14.0244
14.0188
13.8022
14.2052
13.8182
14.0544
14.3413
13.8079
14.0094
14.1261
13.8554
14.1255
13.928
13.9067
13.6683
14.1397
13.8659
14.1491
13.7768
14.2073
14.0953
13.8983
14.171
13.9453
13.9827
14.0786
13.9942
14.0308
14.1852
14.0686
14.2383
13.9042
14.0322
13.7338
14.1682
14.1545
13.9609
13.7725
13.8748
13.9539
13.7869
13.7379
14.0924
14.0216
14.0848
13.9023
14.1677
13.8607
14.2926
14.1463
14.1964
14.1887
14.0764
14.0808
14.2007
13.9084
13.9022
14.0484
14.0635
14.3251
13.7646
13.883
13.6951
13.7029
14.0454
13.9802
14.1653
14.347
13.7763
13.8947
13.9161
13.9657
14.0196
14.071
14.1075
14.0192
14.312
14.1726
14.1902
14.2338
14.048
13.9134
13.797
13.8972
14.3112
14.3319
14.1414
14.2526
14.3153
13.9018
13.7084
14.0917
13.977
14.3051
13.8962
14.1545
14.0421
13.8744
14.1414
14.1911
14.1986
13.7129
14.0468
13.7031
14.0549
14.0784
14.0829
14.0826
13.8343
13.863
14.0538
13.9086
13.9665
13.9104
14.0246
13.9517
14.2327
13.8132
13.8045
14.1575
13.9991
14.2652
14.2526
14.2345
14.1848
13.783
14.3172
14.2422
14.0915
13.9633
13.7685
13.7779
13.7372
13.826
13.8069
14.2784
13.7297
13.8553
13.8824
14.1712
13.8185
14.0405
13.7721
13.7689
14.0385
13.9032
13.9155
14.1345
14.1851
14.2588
14.0218
13.6639
13.9557
13.8124
13.7831
13.9643
13.9233
14.0512
14.0936
13.9329
14.2789
14.0689
13.7775
14.264
13.8272
13.6502
13.9661
14.1776
13.8098
13.802
13.8464
14.1137
13.9478
13.9013
13.6975
14.2106
14.0845
14.0123
13.7949
13.9774
14.1333
13.9002
14.093
13.967
13.9715
13.9975
14.2317
13.7085
14.103
13.8063
14.0429
14.325
14.0328
14.2264
13.9686
14.2729
14.1704
14.2875
13.8965
14.1326
14.1429
13.8195
14.115
13.7458
14.1977
13.7813
13.8376
13.8486
13.9686
14.0309
13.7864
13.7338
13.7881
14.2291
14.126
14.2481
13.9782
13.7945
13.8094
14.0551
14.1097
14.0905
14.2682
14.0357
13.8769
13.6835
14.2782
13.8139
14.1778
14.1521
14.2623
14.036
14.3117
13.7658
14.1795
13.8013
13.6587
14.0097
13.9245
14.2551
14.1862
13.9403
14.1206
14.2677
13.9528
14.0201
13.986
14.1846
14.2383
13.676
14.2301
14.0153
14.1818
14.1086
14.2871
14.2415
14.1241
14.3542
13.739
14.1231
14.0201
13.7627
14.2096
14.2036
13.8334
14.162
14.0905
14.1609
13.7567
14.1824
14.2126
14.0262
13.9879
13.7822
14.0901
13.6404
13.7358
13.9269
14.1427
13.8728
14.0253
13.9463
13.8848
14.0949
13.9735
14.1635
13.686
13.9823
14.222
13.93
14.1125
14.022
14.1669
14.1879
14.0605
13.9197
13.9106
14.061
14.1196
13.9901
13.7554
13.9377
13.9397
14.1725
14.1193
13.8571
13.8948
14.1978
14.2901
14.1745
13.867
14.0075
13.9414
13.8963
13.7781
13.7908
13.7797
14.2258
13.9693
13.9256
14.2186
13.8949
13.991
14.1832
14.1098
13.7334
13.8225
13.9335
14.1784
14.068
14.208
14.1655
14.2568
13.8444
13.7519
14.1183
13.7865
13.8776
14.1885
14.0892
13.9479
14.0941
13.9115
14.1619
13.8577
13.9966
13.6314
13.877
14.0751
14.2872
13.9735
14.0184
13.8896
13.8268
13.7475
14.0562
13.8311
13.8505
13.8215
14.2954
13.9372
13.9166
14.1604
14.1714
13.8202
13.7143
13.9287
14.1576
13.8607
13.8014
13.9292
13.8998
14.2873
14.0147
13.7989
13.7616
13.7756
13.7621
14.1713
13.9647
14.0402
13.8418
13.847
13.8877
13.9145
14.1688
13.8564
13.869
13.8398
13.7843
14.1973
13.705
14.0603
14.2322
14.0316
14.2197
14.1284
14.1487
13.9159
14.2301
14.1646
13.984
13.8167
13.8196
14.2872
13.883
13.7754
14.0571
14.1933
13.954
14.0858
14.303
13.9373
13.6613
14.1934
14.0396
14.1041
13.956
13.7027
13.7115
14.2261
14.0612
14.0404
14.0937
14.076
14.2728
13.7971
13.7704
14.0962
14.306
14.0755
14.1918
13.8554
13.9368
13.699
14.2071
14.1557
14.1304
13.7898
14.2441
14.3013
13.8717
13.9564
14.0473
13.9993
14.1612
13.8427
13.9497
14.2595
13.8266
13.7429
13.9216
13.8764
14.1845
14.089
13.7031
13.9522
14.0838
14.0208
13.8078
13.6975
14.1154
13.8285
13.7587
14.1425
13.9742
13.8667
14.2255
14.334
14.2512
14.0944
14.0939
14.0586
13.8361
14.0661
13.7449
13.8814
13.8695
13.673
13.7546
13.9773
14.1271
14.3304
14.098
14.0502
14.0681
14.1497
13.8953
13.966
14.1683
13.882
13.7536
14.2847
13.8475
14.0856
13.9295
13.6761
14.1378
14.1166
14.2045
14.2483
13.8674
14.2123
14.1108
13.9479
14.1665
13.7661
13.9324
14.193
13.7717
13.8305
14.2129
13.9569
13.6996
13.9313
14.1386
13.9547
14.0444
13.7937
14.1772
14.2242
13.7601
13.8916
13.7684
13.981
13.9928
13.9154
13.8567
13.6929
14.0376
14.0519
13.9083
13.9409
13.7268
14.2633
13.7998
14.0186
14.0054
14.2698
13.859
14.1894
14.0122
13.7964
13.8537
13.9097
13.9957
13.9998
14.0911
13.9418
13.9815
13.9236
14.056
14.034
14.0587
13.9889
13.9147
13.9865
13.8494
13.8322
13.8787
13.8881
13.9274
14.0264
14.0251
14.1201
14.0547
14.2811
14.3544
13.7781
13.7052
14.265
14.2881
13.9318
13.9993
13.9615
14.1984
14.0057
13.8852
13.8372
13.9621
13.8277
14.1048
13.8419
14.0731
14.3232
13.9596
14.1533
13.9841
13.9959
14.1059
13.8922
14.1245
14.275
13.7586
13.7974
13.7749
13.7713
13.8953
13.6507
14.0318
13.7116
14.2178
14.0271
13.7232
14.027
13.7022
14.1267
14.1836
13.7365
14.032
13.8099
13.908
14.2213
14.09
14.2208
14.0385
14.1583
14.1669
14.0225
14.0539
13.789
14.3027
13.9589
13.9046
13.951
13.8833
13.8642
14.2254
13.9608
13.878
13.9177
13.6938
13.6844
13.9326
13.8053
14.3116
14.3122
14.0905
13.9404
14.1673
14.2899
13.7958
13.8504
13.8517
14.0693
14.1027
14.2144
14.2474
14.1898
14.0071
13.9117
13.9831
13.8337
13.9215
14.0641
14.0715
13.8289
14.0233
13.992
14.0054
13.6612
13.9892
13.9159
13.9644
14.0237
14.1964
13.9852
14.1311
14.3065
13.9925
13.97
13.8457
13.9065
14.1285
14.2319
14.0359
14.2193
13.8089
14.0495
14.2797
13.7993
14.0284
13.977
14.1843
14.1908
13.9849
13.8749
13.984
13.9014
13.8954
14.2941
13.9868
14.0027
14.0852
14.0812
13.8802
14.2099
13.9582
14.0006
13.7787
13.9587
13.682
14.2189
14.1931
14.1791
14.2018
14.0788
14.3179
13.8031
13.8806
13.8356
14.3661
13.9446
14.2477
13.7395
13.8335
14.1245
13.8874
14.2948
14.2171
13.7836
13.7628
13.6779
14.1114
13.8085
13.7902
14.2223
13.8137
14.2515
14.0328
14.0972
14.2296
13.9961
13.8304
13.9071
14.0232
13.7656
13.9981
13.9298
13.7057
13.7912
14.2616
13.9543
13.8926
13.8866
14.1029
14.216
13.8871
14.1448
13.8226
14.1565
14.3561
13.8106
14.1201
14.1123
14.0079
13.9307
13.977
13.8803
13.9066
13.7658
14.2629
13.7807
14.2137
14.0546
14.0415
14.0193
13.9193
13.9848
14.0016
13.8334
14.313
14.114
13.8824
14.2666
14.1048
14.2003
14.0909
13.8474
13.8261
14.1189
13.8574
13.8531
14.1527
14.2479
13.9919
14.1668
13.9394
13.8073
14.1843
14.1483
14.0704
14.0465
13.9614
14.2095
14.0426
13.9897
14.0505
13.8931
13.6787
13.731
13.998
13.7349
14.0543
14.1475
14.2225
13.8179
13.7556
13.9118
13.8208
14.2592
14.2415
14.2894
14.0698
14.2976
14.2417
13.9534
14.0483
14.2975
13.8504
14.045
13.6821
13.8201
14.1734
14.1806
14.0768
13.9199
13.7411
14.3011
14.1284
13.7031
14.0536
13.894
13.9261
14.0787
13.9679
14.0003
13.8718
14.2043
14.362
13.8639
13.8881
14.0466
13.8853
13.7082
13.8786
14.1233
13.9818
13.9948
13.9401
14.2708
14.1027
13.9967
14.1525
13.831
14.1908
14.2514
13.9305
14.2754
13.7847
13.9618
14.1166
14.2282
13.9333
14.1811
14.2537
14.2247
13.8483
13.9472
13.9196
14.1886
13.6964
13.9858
13.9695
13.7671
13.7871
13.9417
14.1013
13.7425
14.2501
14.0075
13.9687
13.9328
14.0087
14.0246
13.8591
13.9953
14.2439
14.3063
14.263
13.9898
14.1806
14.3723
14.1233
14.0463
14.0826
14.1945
14.154
14.2506
13.9171
13.873
13.7575
13.8518
13.8552
13.902
14.007
14.0995
13.847
14.1918
13.9827
14.0951
14.2264
13.935
14.0696
14.1501
14.1559
13.6355
13.9953
13.7511
13.9082
14.1376
14.2366
13.7109
13.7445
14.0868
14.2071
13.7094
13.8729
13.9131
13.7351
14.0532
13.9568
13.8351
14.1692
14.0307
13.9252
13.9251
13.8495
13.7669
14.131
14.3104
13.9697
13.8469
14.0435
13.8067
13.7403
13.9723
14.0427
13.9858
13.6961
14.151
13.8936
14.1687
14.0473
13.9325
13.9183
13.7509
14.2383
14.1425
13.7763
13.8579
13.8833
13.7391
14.0032
13.8974
13.6684
14.0673
14.0348
14.0848
14.2609
14.1241
13.8899
14.1405
13.8289
14.0705
13.7255
14.0974
14.0705
14.2653
14.1845
13.7817
14.1927
14.1539
13.8969
13.7936
13.8151
14.1254
13.7592
14.1978
13.9329
13.9743
14.0706
13.8759
14.0848
14.1181
13.7944
14.1173
14.1178
13.8696
13.9788
14.0231
14.2261
13.9969
14.3253
14.0505
13.6385
14.2663
14.1077
14.0042
13.7875
14.0047
13.8692
14.0979
13.7061
14.1784
14.1095
14.0756
14.2242
13.9861
14.18
13.7
13.8032
13.9044
14.0938
14.1423
13.7962
13.9419
14.0453
13.7169
13.8087
13.8889
13.6748
13.8359
14.2262
13.9026
14.0371
14.0546
13.8737
14.1748
14.2674
14.1291
13.7998
14.2176
13.7827
13.9515
14.2663
14.0746
13.7947
14.023
13.9728
14.0803
14.1276
14.1764
13.7905
13.7446
13.7427
13.817
13.9556
14.284
14.0902
14.0988
14.1289
13.7338
14.0563
13.7511
14.1413
14.0113
13.994
13.995
14.0556
14.1385
13.8231
14.112
13.8655
14.1784
14.2335
13.9906
13.9187
13.9743
14.2659
13.9144
14.295
13.7674
14.2155
14.3077
14.1191
14.0845
14.2107
14.01
13.9596
13.8498
14.1599
14.2023
14.2646
13.9841
13.7455
14.2524
14.0112
14.2305
14.1542
14.0728
14.2078
13.8485
14.2585
14.1272
14.0337
13.8986
13.7315
13.7386
14.2218
13.901
14.0734
14.3263
13.8878
14.1089
14.2118
14.0591
13.7976
14.1264
13.8246
14.2708
13.7706
13.8541
14.2289
13.9208
14.1562
13.8568
13.9427
14.2899
14.0974
13.8434
13.8898
13.8478
14.2922
13.9171
14.0812
13.9864
13.8841
14.2198
13.7605
14.0084
14.0048
14.0567
14.0763
13.8594
14.0867
13.9628
14.0072
14.2952
14.0061
13.954
13.7363
13.8273
13.954
13.9971
13.8591
14.0991
13.8345
13.7528
14.0715
14.1131
14.1081
13.7134
14.0963
14.0217
14.1624
13.7199
13.8262
14.1115
13.9757
13.7291
14.1296
14.0356
14.0728
14.1196
14.0989
14.0703
14.2742
13.8559
13.7858
14.2845
13.9048
14.073
14.0951
14.0084
14.0195
14.0673
13.7801
14.1125
13.9649
13.9242
14.3581
13.887
14.2038
13.8085
14.2066
13.9314
14.192
14.0541
14.088
14.1008
13.8224
14.3154
14.2719
14.2353
14.1865
14.1415
13.7831
14.0921
13.8397
13.8846
14.0341
14.1475
13.9766
13.9245
14.2181
13.9761
13.7843
14.0426
13.8606
13.8852
14.3506
14.2285
13.9184
14.101
13.915
13.8648
14.1722
14.1205
13.8447
13.7296
14.0855
14.167
14.1429
13.6971
13.8726
14.0927
14.0942
14.0791
14.034
13.8502
14.2299
13.7305
14.083
13.7463
13.9362
13.7573
14.0787
13.8404
13.9717
14.2229
13.9681
13.9367
13.8842
13.7438
14.0818
14.0478
14.0614
14.339
13.9917
14.2256
14.0949
13.8115
13.9521
13.9801
13.7181
13.6719
14.0103
13.6965
13.8316
13.7034
14.0699
13.9965
13.7204
14.1758
13.8468
13.8952
13.8988
13.8521
13.9955
14.2177
13.9086
14.0679
14.2342
14.0951
14.0721
14.2579
14.1411
13.7768
14.1379
13.957
14.271
13.9556
14.23
14.1008
13.9538
13.7008
13.8696
14.0837
14.0189
14.1827
13.964
14.0245
14.0924
13.9537
13.9368
13.9125
13.7904
14.3394
13.8268
14.2563
13.739
13.9481
14.1138
14.1837
13.9905
13.9902
14.1829
14.3013
14.0761
14.0147
13.9716
14.1348
14.0096
13.959
14.1714
14.0087
14.1295
13.8856
13.959
14.1166
13.7698
14.2424
13.9973
13.8524
14.2296
13.8427
14.1482
13.9575
13.7572
14.1401
14.2438
13.773
14.0624
14.1616
13.9147
13.9669
13.9546
14.3588
14.0214
14.2963
14.0494
13.7621
14.0761
13.7944
14.2481
13.7458
13.7371
13.7853
14.34
13.7756
14.3479
14.0095
14.0521
14.0814
14.0278
13.7817
13.9917
14.0518
13.7587
14.1509
13.8729
13.758
13.982
14.1713
14.1541
14.09
14.2516
13.8508
14.1156
14.3162
14.2668
14.2771
13.936
14.2777
13.8854
14.0829
13.8611
13.9787
13.9978
13.9924
13.9988
14.3313
13.9155
13.7047
13.8266
13.9462
14.317
14.2788
14.2284
13.8904
13.9017
14.2531
13.6654
13.8451
13.9776
14.376
13.8654
13.7447
13.9576
13.7239
13.931
13.7781
14.0284
13.9827
13.9108
13.9389
14.232
14.2552
14.1668
13.8644
14.1638
13.9559
14.2232
14.0396
13.9864
14.1603
14.0158
13.9469
14.0983
14.2612
14.2397
13.8237
14.1309
14.1451
14.1505
14.0402
13.7853
13.7538
14.1592
14.1084
13.9616
14.0663
14.1094
13.9892
14.1417
14.2613
13.6745
13.9254
14.0486
14.2453
13.7232
13.8736
14.1075
14.0516
13.9726
13.8858
14.0544
14.2349
13.736
14.2545
14.2459
14.2798
14.0741
13.9619
13.7438
14.247
14.0526
14.0638
13.9691
13.6718
14.0883
14.0786
14.2279
13.9787
14.0834
13.9691
13.8732
13.7014
13.9062
13.9091
13.785
14.0101
14.1652
14.0397
14.3566
14.1694
14.0625
13.9406
13.9406
14.0412
14.2725
13.7245
13.8466
13.8407
14.0498
14.2507
13.9582
14.1598
13.8093
14.0861
13.9587
13.9552
13.6747
13.879
14.2068
14.1216
13.705
14.2299
13.9272
13.9831
14.2333
13.8281
14.2052
14.0894
14.0658
14.0036
14.2155
14.3436
13.7714
13.8638
13.7466
14.1861
13.9908
14.2772
14.0525
13.9424
14.0594
13.9025
13.8137
14.1044
13.88
14.1856
13.7594
13.7538
13.7632
14.29
13.8104
14.013
13.7004
13.8767
13.7245
13.9351
13.8645
13.8042
13.7443
13.8888
13.8399
14.2735
14.0666
13.9403
13.7868
14.2201
14.3068
13.8537
13.9665
13.8656
14.1874
14.054
13.8708
14.1833
14.3667
14.2284
14.0626
14.0906
14.2292
13.9985
14.0024
13.9562
13.9444
14.183
13.82
13.7855
13.9572
13.9825
13.9516
13.9328
13.7947
14.0722
14.1676
14.1187
13.7883
13.8985
13.8349
14.0257
13.9825
13.9417
14.067
14.1924
13.8301
13.9894
14.099
13.9276
14.0223
14.0994
14.0409
13.9475
14.1585
14.0799
14.0514
14.0641
14.2623
13.9401
14.1022
14.0532
14.1708
13.9324
13.8988
13.7055
14.1748
13.9754
13.7956
14.2922
13.7996
13.8483
13.8745
13.7625
14.0244
14.0235
14.2016
13.9464
13.9789
13.7711
13.8246
13.7226
14.0392
13.8271
14.0809
14.0559
14.1196
13.92
14.1882
13.7114
14.1502
14.0718
14.0303
13.6233
13.9286
13.9915
14.1014
13.9025
13.9842
14.0683
13.9923
14.1022
13.9652
14.2666
14.2841
14.2056
13.9112
14.002
13.9494
13.7862
13.9455
13.9034
13.9328
13.7108
13.9182
14.2251
14.0038
13.9769
13.9793
14.2581
13.8641
13.9982
13.8089
13.7541
13.7946
13.7466
13.7397
13.7881
13.8139
14.1566
14.0443
13.9335
14.119
13.9252
14.0242
13.9112
14.0921
13.8449
14.0334
13.7519
13.7295
13.9657
14.0086
13.8619
13.9474
14.0039
13.7249
13.8845
13.883
13.8467
14.027
14.0806
13.9518
13.8649
14.2463
14.0674
14.1517
14.0821
13.9964
14.3305
14.1188
14.0636
13.8207
13.9338
14.0644
13.8898
13.802
14.2576
14.0616
14.0902
13.8006
13.908
13.857
14.0885
14.0701
13.9412
14.0649
13.9756
13.9545
13.8493
13.7959
13.9921
13.8466
14.0509
13.7837
13.8225
14.1304
13.9522
13.7084
14.1355
14.0531
14.0158
14.1388
13.9361
13.9284
14.2166
14.1412
13.9972
13.9526
14.133
14.278
14.2317
14.1128
13.8186
14.0267
14.0892
14.0343
13.7588
13.8675
14.2453
14.1856
14.0151
14.0727
13.9935
14.0823
13.8827
14.0537
13.9675
14.0736
13.9022
14.1099
13.9316
14.0331
14.1074
13.809
13.9788
13.8186
14.0425
13.789
14.0074
14.2763
14.0225
14.1543
13.6994
13.92
13.855
13.7982
13.7849
14.2047
14.0416
13.8385
13.9376
13.8767
13.9487
14.3094
14.321
13.985
13.7146
14.1256
13.8465
13.9112
13.8679
13.8578
14.1935
14.0186
13.7743
13.8488
14.1644
14.2143
14.0907
13.9269
13.7336
14.2985
14.1079
14.1379
14.1158
13.9619
13.9576
13.9248
13.8686
13.9021
14.1531
14.2638
13.9395
14.2258
13.9746
13.9703
14.1982
13.7816
14.1264
14.147
14.0911
13.9579
14.3476
13.8341
13.9514
13.8347
13.7255
14.1884
14.0259
13.64
14.1416
14.3197
13.8568
14.1544
13.8601
13.7703
13.9871
14.2965
14.1448
14.0619
13.9531
14.2255
14.0068
14.0944
13.9659
13.739
13.9484
13.7753
14.1546
14.1672
14.0464
14.1828
14.2395
13.966
13.9269
13.98
14.058
13.8774
14.242
13.9894
14.187
14.1639
14.1688
13.9769
13.8558
14.0549
14.0953
14.1407
14.1819
14.0696
13.8839
13.9066
13.7831
14.0803
14.0694
13.8828
14.0015
14.1024
14.1043
13.7718
13.6368
14.1866
13.8024
14.258
14.0988
13.8181
13.7671
13.7875
14.1139
13.8803
14.0922
13.6468
13.9403
13.9634
13.8528
14.039
14.0305
14.0123
14.302
13.8782
14.0043
13.8375
14.2466
13.9116
14.1332
13.8378
13.9278
13.8183
13.8657
13.9947
13.9535
13.9026
14.1164
13.709
13.9458
14.022
14.1995
14.1221
13.9534
13.8429
14.0887
14.0453
13.7728
13.8343
13.8054
13.8164
14.0568
14.1727
14.1578
14.2124
14.1325
13.7537
14.1094
13.791
14.2731
14.2468
14.0398
13.7786
13.841
14.1501
14.0851
13.9628
14.2159
14.0681
14.1774
14.1885
13.7288
13.8588
13.6555
13.9208
13.7552
13.7928
13.9999
13.7764
13.9311
13.7047
14.2507
14.0975
14.1883
14.0048
13.947
14.0554
14.0509
14.1927
14.0401
14.0086
14.1576
14.1196
14.333
13.9297
13.9893
14.2517
14.061
13.9974
13.7857
13.7095
13.9138
14.168
14.1897
14.0288
14.3462
14.1875
14.1624
13.6805
13.9413
14.2463
13.8882
14.259
13.6744
14.0274
13.8956
13.8611
14.1962
13.9
13.807
13.9619
13.8851
13.7901
14.3102
13.6425
14.0703
14.1836
13.8281
14.0244
14.3512
13.7017
13.7762
13.9361
14.0023
13.9719
13.8863
14.1201
14.1876
13.8007
14.0736
13.6275
13.8688
13.981
14.0452
14.2455
14.0211
14.2253
14.1053
14.0698
14.0592
13.9414
13.7045
13.9453
13.8796
14.1124
13.9692
14.0683
14.0087
13.9384
14.0906
14.2018
13.9572
13.829
14.2782
14.2056
13.8076
13.7137
14.2396
14.2787
13.957
14.0401
14.0972
14.0043
13.8253
13.8374
13.8367
13.7475
13.9934
13.8537
13.9338
13.8234
13.8498
14.3586
14.0352
14.3298
14.0302
14.1824
13.8374
14.0167
14.0697
13.8169
14.0923
14.2624
14.3085
13.8303
14.1228
13.897
14.1175
13.8481
13.9533
13.9909
13.979
13.7618
14.0624
13.9536
13.779
13.9752
13.8303
14.2309
13.8668
14.1038
14.1839
13.886
14.2974
14.07
14.0248
14.1824
13.8696
13.9239
14.1877
14.007
13.9572
13.7231
14.1206
13.8697
13.9128
13.816
13.7199
14.3328
13.7964
14.3807
13.9589
14.112
13.7733
14.2302
14.1917
14.1924
13.9054
14.0867
14.0798
13.7091
13.9429
14.088
13.8571
14.0645
13.9073
14.284
14.2263
14.2039
13.7424
14.0431
13.8564
13.7438
13.7829
13.8855
14.025
14.2951
14.0165
13.9086
13.7899
13.8092
13.8645
13.8457
14.159
14.1993
13.9962
14.1983
13.9023
14.1734
14.0275
14.1609
13.7981
13.9101
13.9346
14.115
13.932
13.912
14.197
13.9766
13.6876
14.0732
13.8007
13.7418
14.2957
13.965
14.0125
13.8144
13.9484
13.7743
13.8888
13.8397
13.8903
13.6469
14.1002
14.0802
14.0609
14.1225
14.2991
14.1119
13.9659
13.9578
14.1698
13.816
14.1514
13.8331
13.861
13.7487
13.9292
14.2085
13.9134
14.2579
13.8784
13.7848
13.8884
14.0321
14.2325
13.9169
14.2975
13.6657
13.6965
14.1121
13.8083
13.9733
14.066
13.6996
13.8796
13.8502
14.2905
14.1132
14.2946
13.8949
14.0377
14.0983
14.0905
13.8713
13.8875
13.7531
13.9267
13.8887
14.2386
14.1808
13.8522
13.9429
14.0183
14.1482
14.0829
14.1444
14.1957
13.7549
13.9011
13.7854
14.217
14.0805
14.1771
14.1522
14.0051
14.3204
13.8213
14.1075
14.3094
14.2887
13.8818
13.9649
14.096
13.826
14.0718
14.0983
14.2007
14.1437
13.6701
13.7722
13.9729
14.1708
13.8265
14.265
14.0939
14.0347
13.8715
13.7899
14.275
14.2187
14.021
13.6677
13.8264
13.8256
14.0627
14.139
14.2651
13.7552
14.2188
14.0099
14.1889
14.167
13.8506
14.1027
13.7226
13.8412
14.3016
14.0785
14.2032
14.0792
14.0103
14.2186
14.1144
14.2852
14.1822
14.0559
14.1945
13.8471
14.1309
14.1075
14.144
14.2512
14.2011
13.9153
13.7381
14.3205
14.2874
14.2306
14.1393
13.9949
14.2375
13.9982
13.8392
14.2183
14.2688
13.8417
13.9828
13.9884
14.097
13.8724
13.981
14.1265
13.6977
14.0267
13.7106
13.7771
14.1147
14.1319
14.0474
13.8075
13.9851
13.9662
14.2149
14.2072
14.0006
14.277
14.0391
14.1588
14.201
13.9536
14.1349
14.0253
14.3249
13.9662
14.1292
13.7734
14.3193
14.0773
13.8563
14.1466
14.167
14.2952
13.7569
13.8474
14.197
14.0298
14.1922
14.066
13.8176
13.8287
13.8681
14.06
14.1137
14.0405
13.9549
13.9597
14.2952
14.1804
14.0221
14.0236
13.9484
14.1771
13.8994
14.2502
14.0723
14.2878
14.0731
14.2899
14.2564
14.1432
13.9697
13.6207
13.9122
13.7117
14.2607
13.872
13.8972
13.8958
14.2564
13.8242
13.9492
13.9473
14.3206
13.835
14.1224
13.8225
14.267
14.184
13.9898
13.8885
13.779
13.9167
14.1036
14.1401
13.6956
13.8711
13.9098
14.2161
14.1776
13.8798
14.1079
14.2756
14.2286
14.1403
13.7502
13.8044
13.887
13.6813
13.9013
13.8289
14.1795
13.9477
14.2237
14.2978
14.2008
13.8662
14.1904
14.2356
14.2099
14.2771
14.3189
14.0484
14.0084
14.0339
13.9917
14.2209
13.9686
14.0586
13.9754
14.1218
13.7494
14.1913
13.7631
13.8217
13.869
14.1793
14.0426
13.7688
14.2456
13.7154
13.9919
13.846
14.1354
14.0291
14.0467
14.1489
13.9802
14.0748
13.8215
14.0707
13.8091
14.226
13.9424
14.0948
14.1102
14.0463
13.9167
14.0208
14.1286
14.1837
13.9721
13.8905
14.2269
13.8445
13.8614
14.2598
14.0783
14.1316
14.0667
13.8033
14.1547
13.7005
14.1759
14.0158
13.6425
13.9435
14.3111
14.0562
13.942
14.118
13.9633
13.7436
13.8292
14.1165
13.882
13.9382
14.0698
13.9833
14.165
14.2008
13.6846
14.2284
13.8192
14.2511
13.901
13.7953
13.8782
14.1831
13.8962
14.1236
13.9829
14.0858
14.1556
14.0464
14.1186
14.1119
14.1893
14.3448
13.8545
14.1696
14.0325
13.947
13.9644
13.9686
14.3097
14.2358
13.7189
14.2568
14.0431
14.1317
13.7337
13.7705
13.8387
14.1566
13.7693
14.1405
13.8137
14.2395
14.2238
13.993
14.2606
14.0086
13.9851
14.1412
13.6014
13.6944
13.7933
13.8784
13.9552
14.1096
14.1573
14.0296
14.2255
13.724
13.8953
14.2354
14.0609
13.9025
14.1508
13.9854
13.6956
13.8877
14.0204
13.8404
14.2805
13.9611
13.7577
14.1866
14.2602
13.9905
14.1223
14.1119
13.9895
14.0052
14.1964
14.0495
13.9818
14.1688
13.9018
14.0467
13.859
14.1788
13.8439
14.1728
13.9239
13.9811
13.939
14.2091
14.1612
14.3356
13.8492
13.9677
14.087
13.8097
13.7474
13.9467
14.1696
13.8927
13.8101
14.2548
14.1596
13.8389
14.244
13.942
14.1511
14.1508
14.2632
13.8417
13.9656
13.6882
13.9793
14.2301
14.3415
13.9424
14.2002
13.8034
13.9892
14.2018
14.0634
13.7358
14.0388
13.7748
14.1423
14.2406
14.0364
13.8974
13.6368
13.8418
14.019
14.2476
14.092
13.7794
13.7665
13.8809
13.8717
14.2279
14.1894
14.0925
14.2183
14.1959
14.2553
13.7596
13.8204
14.0927
14.3282
13.7528
14.2637
13.7202
13.979
14.0109
14.1529
14.1634
13.7451
14.19
14.366
13.7571
13.7858
13.804
14.2919
13.966
13.6661
13.6882
13.7636
13.6653
14.1261
14.0403
14.0834
14.1252
13.8635
14.0654
14.161
14.0028
14.1503
13.9185
13.7854
13.9445
13.8767
13.9807
13.808
13.8263
13.8669
14.1203
13.9574
13.6167
14.0045
13.9393
14.079
14.2727
13.9634
14.1695
14.1024
14.1522
13.9495
14.1354
13.9751
13.8238
13.8198
13.7365
14.1846
13.9207
14.2156
13.7674
14.1293
13.9466
14.0825
13.724
13.7405
13.9733
14.1432
14.1869
13.8426
14.0728
14.2533
13.9307
13.7437
13.7921
13.7675
13.8089
14.0444
14.0753
13.8609
13.8514
14.1383
13.8038
13.9027
14.0398
14.1437
14.3124
14.1939
14.2139
13.8369
14.0353
14.1645
13.8582
14.1947
14.1001
14.1477
14.0366
14.1742
14.0868
13.9006
13.8502
14.2989
14.0251
14.113
14.2655
14.1199
14.1505
14.2416
13.8324
14.1215
14.1302
13.9864
14.1124
13.8516
13.7457
14.2365
14.0328
14.0486
14.2779
14.2657
13.8145
14.1819
14.077
13.9002
14.1766
14.1553
14.1442
13.9402
13.9976
14.0567
14.1126
13.7488
14.3082
13.8763
13.9247
13.8969
14.1291
14.0221
13.8673
14.1248
14.0979
14.1776
14.0521
14.1103
14.208
13.7709
13.9164
13.9067
14.0561
13.8721
14.0884
14.0567
13.7384
14.0252
13.9071
13.7768
14.1054
13.8018
13.8713
13.973
14.2025
13.8816
14.1746
14.1435
14.171
13.7343
14.1965
14.256
14.1648
13.6736
13.6897
14.236
13.6677
14.1111
14.2288
14.1523
13.8953
14.0062
14.1495
13.8504
14.2656
13.9093
13.8125
14.1992
13.8192
13.9394
13.8333
14.0391
14.0833
14.0001
13.9738
14.1354
14.0029
13.7952
13.9297
14.168
13.8276
13.7871
14.2985
13.9936
14.3269
14.1789
13.6292
14.009
14.1747
14.1916
14.2941
13.906
13.8942
14.2887
14.0968
14.0255
14.003
14.0666
13.9922
14.0427
14.117
13.784
13.9162
14.2357
14.1732
14.0794
14.0911
14.0868
14.0015
14.137
14.0277
14.1554
13.9553
13.9729
13.7195
13.8465
14.1273
13.8585
13.7798
13.7435
14.1056
13.9274
13.9726
14.2072
14.186
14.162
13.9019
13.9259
14.2447
13.8918
13.7446
14.0911
13.8228
13.7653
14.1591
13.7905
14.2066
13.9106
14.1559
13.6822
13.8467
13.9796
14.2083
14.0367
13.8135
13.9054
14.2331
14.132
14.1547
14.2342
13.6856
13.8708
14.0182
14.1173
13.8263
14.0295
14.1105
14.0139
14.2682
14.2917
13.9302
14.0565
13.7832
13.9733
13.7298
14.2923
14.2218
14.3432
13.7945
14.1295
14.2417
13.7613
14.0044
14.1904
13.786
14.2173
13.7804
13.8015
14.2084
13.7639
13.9401
14.0044
14.1209
13.835
13.9538
13.9615
13.6734
13.7498
14.1249
13.7101
13.9905
13.8993
13.9239
13.7266
13.8087
14.0076
13.816
14.3175
13.7407
13.7413
14.2681
13.8519
13.9698
14.0328
13.9477
14.0787
13.9438
14.2936
14.1524
13.9517
14.1358
13.903
13.7518
14.03
14.129
14.013
13.7513
13.6501
14.0465
14.0303
13.8134
14.0267
14.0053
14.1438
14.2157
13.8741
13.7865
14.2736
13.9385
13.6732
13.7851
13.741
13.8458
13.994
13.9601
13.7654
13.7704
13.8006
14.1296
14.1401
13.9813
14.2817
14.2902
14.0149
14.0245
14.1206
14.0116
13.9548
14.2005
13.9877
13.7472
13.9394
13.8301
13.8866
13.8853
14.2498
13.7955
13.9715
13.9677
13.9108
13.8534
14.1726
14.1168
13.8685
14.0051
14.0048
13.8358
14.2477
13.7511
13.7982
14.0619
14.2933
13.8013
13.8518
14.0646
14.2409
14.1421
13.8204
13.934
13.9389
14.1755
14.0177
13.7923
13.6173
13.8689
14.2399
14.2545
14.0356
13.9185
13.9811
13.9771
14.1679
13.8325
14.1103
14.2085
14.2838
13.7949
13.9092
13.8559
14.1513
13.8854
14.1655
13.977
14.0349
13.9785
14.0742
13.8318
13.778
13.6552
13.9105
13.7694
14.0885
13.9168
14.2239
14.1712
14.0761
13.9117
14.075
13.9043
14.0388
13.6606
13.8603
14.0947
14.1183
14.0726
14.2846
13.7729
14.0065
14.1106
14.0265
13.9757
14.2459
13.8245
13.9665
14.1936
13.8624
14.2341
13.6745
13.7236
13.7015
13.8748
14.2071
13.9667
13.931
13.9286
13.8647
14.2149
14.0356
13.8606
13.7626
13.8857
13.9907
13.8333
13.9027
14.0117
13.7379
14.0318
14.3652
14.0694
14.0354
14.1467
14.1631
13.7313
13.7357
14.0285
14.2449
14.0946
14.0518
14.0056
14.0561
13.9043
14.2855
14.0686
14.0455
13.88
13.8155
14.3212
13.8493
14.0948
13.8817
14.1156
14.0604
13.995
14.1891
14.062
14.0958
14.0707
13.8391
13.8459
14.1304
13.8116
14.0522
14.1507
13.9011
13.8262
13.8566
14.0269
14.0043
13.9274
13.8952
13.8053
13.9502
14.1708
14.1175
14.1067
14.1031
13.6701
14.0651
13.8827
13.8683
13.7566
14.2224
13.9992
14.2619
14.153
13.8333
14.2849
13.9894
13.8302
13.8199
14.0869
14.2431
13.7557
13.992
13.9375
13.8651
14.1233
14.0841
14.2168
13.9502
13.9156
13.8445
13.9725
13.658
14.1411
13.686
14.1243
14.3289
//widmo amplitudowe sygnalu
 28673.9
 4.52975
 9.80694
 4.95872
 5.54237
 8.02577
 7.23399
 2.98489
 8.90372
 6.67752
 11.9958
 8.4773
 2.89516
 9.21257
 10.1184
 3.86882
 3.58266
 7.66612
 14.6924
 7.14554
 10.7019
 5.60039
 4.78908
 3.29219
 5.69219
 6.27541
 3.81069
 12.8241
 4.58629
 9.7768
 6.82245
 1.27511
 6.85918
 7.96856
 5.0939
 4.14925
 4.82755
 3.36525
 2.26972
 7.27436
 7.72687
 5.82579
 5.28087
 5.44792
 9.26425
 4.31856
 1.4687
 3.1942
 5.54894
 4.3787
 2.40871
 9.50506
 8.66471
 7.38646
 4.24711
 4.75799
 6.69869
 10.2937
 14.6601
 12.9069
 11.9105
 7.56135
 13.6232
 1.24776
 2.42104
 6.55354
 9.50053
 5.99686
 5.72772
 6.87025
 3.01327
 6.80886
 8.02334
 14.3015
 10.5716
 6.71338
 8.7749
 2.82219
 8.21594
 8.70631
 18.7769
 4.90553
 7.09432
 16.6169
 4.40212
 2.49231
 1.99239
 4.46642
 6.00754
 13.7962
 8.79162
 17.9363
 5.16899
 6.16236
 2.21414
 4.51311
 1.43363
 3.98934
 7.63321
 5.65866
 13.6674
 13.1187
 4.93336
 6.29521
 3.99966
 4.87718
 4.64371
 6.53737
 2.55985
 4.72634
 10.4815
 4.82808
 13.3577
 13.1407
 5.96192
 6.50009
 9.02443
 3.23379
 10.9005
 7.3435
 7.58899
 11.8727
 2.62837
 4.82315
 12.222
 6.39568
 10.6864
 4.681
 10.2891
 2.90038
 11.0337
 13.5435
 8.46124
 9.728
 3.44611
 9.85757
 7.70465
 4.72736
 6.2246
 5.63169
 11.1784
 7.32518
 5.81428
 6.93614
 8.17178
 4.01239
 3.55976
 7.22683
 8.36224
 9.87671
 6.31433
 5.14677
 2.73895
 9.10146
 4.08786
 11.5698
 7.01515
 11.5406
 2.21115
 10.9786
 9.32225
 6.42452
 3.56829
 5.56486
 4.61983
 9.20811
 8.66096
 2.80419
 4.40456
 4.94965
 8.45117
 8.4552
 18.1583
 14.55
 4.11795
 3.27886
 4.16138
 9.80635
 6.79933
 3.76683
 15.1869
 2.86678
 6.06493
 1.42665
 4.89035
 23.0509
 2.74114
 1.38691
 4.00995
 3.07151
 5.83225
 8.30283
 9.99828
 3.12875
 14.9535
 10.6923
 5.45149
 3.77727
 10.0432
 6.2693
 6.12986
 9.8732
 15.4282
 10.282
 5.32214
 3.36036
 3.8923
 10.4738
 3.92798
 17.7236
 2.27874
 8.29202
 6.73671
 4.95237
 8.26775
 8.68832
 6.78377
 4.88027
 12.0581
 7.36817
 6.29074
 6.57224
 13.5702
 9.72902
 3.28868
 13.825
 7.78357
 15.7439
 10.928
 11.3812
 13.1313
 4.94977
 10.8148
 5.54879
 4.64334
 1.74624
 5.96834
 4.92388
 7.9459
 12.1104
 8.65425
 3.796
 10.2009
 10.6126
 7.03847
 4.83265
 5.4087
 3.30349
 9.2283
 6.9799
 2.20723
 6.25925
 9.54489
 4.26282
 11.5865
 2.18044
 2.26274
 6.10191
 11.3578
 7.77637
 8.96122
 1.38746
 7.6337
 3.27945
 5.73559
 13.7268
 7.50939
 2.53906
 11.3091
 9.69433
 8.67578
 8.09158
 4.86195
 3.42811
 1.52954
 3.54711
 9.34438
 5.25288
 5.91863
 3.26845
 10.9107
 3.69175
 2.45419
 8.54229
 8.84976
 14.0043
 5.76532
 4.50875
 11.7792
 6.44528
 7.05547
 11.9517
 1.00343
 9.93606
 10.0701
 11.1232
 0.201005
 6.76949
 0.601597
 14.3469
 8.54718
 7.54477
 11.0346
 11.8472
 5.33233
 9.34909
 11.4764
 10.0585
 3.4244
 6.27786
 4.37442
 8.38795
 4.13896
 8.82565
 1.91322
 7.43437
 8.67173
 12.2535
 1.27734
 5.19885
 7.63609
 9.24071
 6.5504
 11.4143
 4.73307
 5.69823
 4.10625
 6.08185
 14.3058
 1.62076
 4.3695
 6.2539
 2.92948
 11.3813
 6.53628
 6.785
 9.24402
 2.12537
 12.361
 2.24856
 7.86856
 5.63263
 8.88306
 1.52943
 7.35723
 4.7563
 9.1519
 8.98154
 1.89177
 7.55681
 6.46915
 14.146
 11.2618
 9.09216
 9.88101
 1.60135
 3.06453
 5.82361
 2.90691
 13.9549
 8.73879
 0.530955
 7.51364
 6.11221
 4.56248
 6.47903
 9.40492
 8.61631
 5.92556
 3.27586
 5.85907
 8.09152
 4.54422
 2.81056
 12.9622
 9.93762
 6.27056
 6.53664
 7.03524
 1.63323
 5.64089
 11.509
 2.93479
 4.92838
 1.00727
 12.0568
 6.53166
 2.82042
 5.40097
 9.3141
 6.98974
 9.62334
 8.94594
 6.45679
 13.0679
 7.68168
 2.94502
 9.9182
 8.07016
 7.4091
 7.47536
 6.48139
 6.16304
 13.3245
 5.96499
 8.91495
 10.4878
 9.75862
 3.98527
 6.17799
 6.88449
 1.18135
 9.6814
 4.59288
 5.75271
 3.82377
 3.24154
 10.5791
 4.52474
 10.1667
 8.67317
 5.44492
 8.85227
 11.6531
 8.35863
 7.90146
 11.1278
 10.4663
 0.033753
 6.10735
 6.22631
 2.94128
 3.22422
 4.88766
 6.83627
 8.82116
 8.24195
 12.0657
 4.95819
 3.225
 6.84168
 4.86569
 5.4611
 14.7572
 7.97744
 8.55898
 6.00668
 6.6375
 7.6619
 6.72242
 1.69526
 8.88548
 20.0648
 5.64699
 2.14338
 12.2778
 6.61447
 8.83118
 7.96412
 3.68485
 5.04148
 1.90511
 5.9035
 8.1092
 5.00123
 5.22424
 7.08217
 6.21004
 1.7718
 1.00459
 8.14305
 9.18054
 3.77543
 3.1242
 9.42237
 8.48066
 3.99698
 4.14882
 0.832283
 5.62266
 18.0681
 4.31103
 4.11469
 2.63836
 11.6367
 4.58261
 8.28289
 6.89898
 5.21739
 5.19566
 3.50008
 2.81855
 3.57144
 5.71283
 8.36139
 5.37295
 4.64922
 2.49548
 10.2106
 2.36213
 10.6042
 6.19315
 4.70799
 8.9283
 10.5435
 0.456794
 13.8991
 2.86809
 2.89659
 10.0706
 12.9679
 7.46911
 10.5986
 12.5149
 5.97417
 7.28826
 9.60531
 4.88403
 14.2668
 7.57822
 8.31436
 9.24345
 4.00875
 3.76802
 4.31146
 11.0667
 6.95508
 4.45859
 1.77525
 9.07855
 4.7935
 9.42803
 6.02286
 11.4256
 3.74507
 2.0782
 5.65009
 6.78612
 9.3476
 2.87862
 4.14911
 7.27332
 7.90182
 11.7077
 2.43372
 11.9905
 11.163
 8.21803
 7.87599
 7.09434
 7.98503
 5.41259
 4.99705
 2.58294
 1.65647
 12.0119
 3.87927
 4.26236
 1.85586
 4.37407
 11.2098
 1.82545
 6.89746
 8.70229
 10.0966
 13.5467
 11.6859
 5.29441
 3.98473
 5.11549
 6.49908
 3.2927
 8.50759
 3.49326
 5.89011
 9.04746
 5.93505
 7.71028
 9.26591
 4.49315
 4.61509
 9.00922
 13.2751
 7.06106
 2.78577
 11.1059
 3.54903
 6.07709
 8.04584
 3.8029
 11.4191
 3.83037
 0.618961
 6.84792
 6.98859
 5.31815
 3.71228
 3.40585
 11.7183
 5.59877
 4.25418
 11.9733
 3.80978
 9.38554
 5.09552
 10.1801
 2.43929
 4.84626
 3.36642
 2.97282
 4.85024
 5.05509
 8.70607
 7.77924
 8.33819
 1.44588
 4.60758
 8.44229
 6.29169
 3.45673
 14.9581
 7.83761
 4.56945
 4.34976
 4.1799
 3.09498
 6.17399
 10.7274
 0.859561
 8.44398
 7.79539
 5.87037
 9.38369
 2.85141
 4.91738
 10.7258
 4.97658
 0.908963
 8.03086
 7.0724
 12.9093
 19.2951
 4.23312
 1.32071
 7.89785
 4.28273
 2.44593
 10.86
 6.53476
 6.13796
 6.35958
 8.33502
 11.3575
 6.55645
 14.1197
 5.60597
 8.07864
 3.99354
 4.15283
 4.63074
 11.5462
 3.89059
 3.95463
 3.85719
 5.56357
 4.77608
 8.50612
 5.79244
 5.39655
 9.77649
 1.65074
 3.28388
 15.2699
 2.28982
 7.4909
 6.10062
 6.30309
 9.12819
 9.67647
 7.0336
 10.4012
 9.90611
 26.3356
 6.94157
 3.45444
 5.16264
 3.18093
 4.46373
 3.85898
 4.83508
 9.23576
 3.40783
 6.82221
 1.98903
 1.72459
 4.39426
 6.6809
 1.89932
 9.91183
 7.13419
 4.17078
 3.67706
 2.31537
 6.92735
 4.51309
 5.06729
 6.80841
 11.6761
 15.9485
 11.4918
 10.2098
 5.56508
 8.10801
 2.45177
 5.28663
 3.37467
 4.00401
 4.13913
 0.230812
 12.3307
 5.30499
 8.07458
 10.3477
 7.34998
 9.59262
 12.7661
 4.33886
 3.25014
 10.1279
 4.10469
 13.3129
 6.24823
 8.0794
 13.8525
 9.44787
 4.90205
 5.68538
 2.13705
 10.6181
 4.6396
 8.16758
 12.04
 11.5741
 14.3295
 3.6848
 10.3378
 8.7213
 8.5059
 10.1634
 13.1996
 2.49148
 8.52547
 4.74055
 1.8636
 3.86555
 6.36783
 8.33657
 1.7547
 5.34382
 8.62088
 5.75467
 12.8069
 2.9152
 4.16465
 3.70423
 11.2243
 6.80493
 7.2699
 3.96992
 8.19167
 5.95411
 11.8941
 13.6593
 6.06404
 4.50363
 5.31161
 8.35698
 4.06406
 3.73854
 9.91427
 7.49795
 7.21137
 6.48715
 10.9973
 5.83077
 7.07793
 10.0977
 4.54433
 1.66712
 8.80751
 6.11479
 7.22798
 8.97678
 5.90303
 17.1692
 12.0885
 7.30017
 6.59443
 7.80744
 7.14929
 12.3984
 9.52485
 6.06555
 8.39287
 16.6302
 2.98175
 4.21114
 7.24343
 3.17166
 14.5091
 6.10153
 13.7226
 6.52079
 6.73812
 8.32853
 3.41822
 1.79406
 7.63102
 8.19435
 1.52235
 7.1532
 12.5587
 13.0426
 4.57254
 14.566
 13.1058
 4.98449
 2.61916
 4.77105
 4.97224
 6.60692
 3.44832
 6.77743
 4.75367
 4.78103
 6.17056
 1.34049
 8.10734
 6.485
 5.45686
 1.26949
 13.2038
 11.0857
 2.28225
 4.46403
 9.72604
 5.44942
 14.553
 13.5423
 6.16956
 3.81179
 3.09615
 6.44137
 13.2419
 1.50022
 2.17251
 8.00073
 0.676005
 1.7122
 8.01129
 6.09007
 3.58603
 10.9077
 10.1165
 6.88336
 8.85332
 6.69005
 5.27005
 5.86118
 7.4782
 11.9484
 6.70843
 7.1371
 5.36284
 5.59233
 7.9814
 9.20668
 3.72105
 5.67281
 1.72434
 10.5999
 2.35553
 7.61822
 4.98826
 6.40939
 9.96304
 5.41562
 8.77479
 5.01376
 13.6434
 5.82242
 5.98923
 9.53123
 5.40358
 4.94816
 9.99384
 5.77569
 12.1601
 1.72618
 7.91107
 7.03921
 4.77653
 4.85225
 4.36468
 7.00374
 9.95006
 7.2201
 3.67337
 3.9302
 4.22557
 8.81038
 12.476
 4.73135
 5.89548
 14.1383
 6.73233
 5.77387
 9.26707
 5.98927
 6.05009
 1.35688
 2.45857
 11.6399
 5.42153
 9.93573
 4.42187
 7.82532
 17.5295
 7.77997
 9.74328
 6.3003
 3.72355
 8.25061
 3.77369
 14.4375
 13.2322
 3.64797
 8.78315
 8.31539
 4.19095
 5.1951
 10.4159
 7.28315
 0.846055
 12.1754
 13.5975
 5.41326
 7.95344
 6.63484
 3.47916
 4.07602
 10.9845
 12.2569
 12.2087
 8.59052
 3.60594
 2.53351
 9.2338
 6.46459
 8.1397
 5.70516
 4.17016
 4.64258
 3.65178
 3.30855
 11.2496
 8.34759
 3.74254
 4.57545
 6.83196
 8.91637
 6.29745
 11.3301
 9.33013
 8.35814
 13.3954
 1.97175
 3.92329
 7.38442
 6.8321
 8.64188
 8.95519
 1.39872
 4.89982
 5.39272
 7.65202
 8.49843
 6.61165
 4.00478
 6.07403
 2.52115
 1.97538
 6.62868
 5.0247
 6.22007
 6.87982
 12.1749
 5.80048
 5.31766
 7.07617
 7.34007
 4.95586
 6.67896
 6.52941
 3.89591
 8.79673
 8.58031
 5.39037
 0.278537
 1.79858
 13.7973
 2.34135
 9.2998
 7.47543
 4.18088
 2.03982
 5.67213
 5.43877
 3.16238
 11.5721
 0.830986
 6.80426
 4.47465
 9.28456
 9.3125
 9.28456
 4.47465
 6.80426
 0.830986
 11.5721
 3.16238
 5.43877
 5.67213
 2.03982
 4.18088
 7.47543
 9.2998
 2.34135
 13.7973
 1.79858
 0.278537
 5.39037
 8.58031
 8.79673
 3.89591
 6.52941
 6.67896
 4.95586
 7.34007
 7.07617
 5.31766
 5.80048
 12.1749
 6.87982
 6.22007
 5.0247
 6.62868
 1.97538
 2.52115
 6.07403
 4.00478
 6.61165
 8.49843
 7.65202
 5.39272
 4.89982
 1.39872
 8.95519
 8.64188
 6.8321
 7.38442
 3.92329
 1.97175
 13.3954
 8.35814
 9.33013
 11.3301
 6.29745
 8.91637
 6.83196
 4.57545
 3.74254
 8.34759
 11.2496
 3.30855
 3.65178
 4.64258
 4.17016
 5.70516
 8.1397
 6.46459
 9.2338
 2.53351
 3.60594
 8.59052
 12.2087
 12.2569
 10.9845
 4.07602
 3.47916
 6.63484
 7.95344
 5.41326
 13.5975
 12.1754
 0.846055
 7.28315
 10.4159
 5.1951
 4.19095
 8.31539
 8.78315
 3.64797
 13.2322
 14.4375
 3.77369
 8.25061
 3.72355
 6.3003
 9.74328
 7.77997
 17.5295
 7.82532
 4.42187
 9.93573
 5.42153
 11.6399
 2.45857
 1.35688
 6.05009
 5.98927
 9.26707
 5.77387
 6.73233
 14.1383
 5.89548
 4.73135
 12.476
 8.81038
 4.22557
 3.9302
 3.67337
 7.2201
 9.95006
 7.00374
 4.36468
 4.85225
 4.77653
 7.03921
 7.91107
 1.72618
 12.1601
 5.77569
 9.99384
 4.94816
 5.40358
 9.53123
 5.98923
 5.82242
 13.6434
 5.01376
 8.77479
 5.41562
 9.96304
 6.40939
 4.98826
 7.61822
 2.35553
 10.5999
 1.72434
 5.67281
 3.72105
 9.20668
 7.9814
 5.59233
 5.36284
 7.1371
 6.70843
 11.9484
 7.4782
 5.86118
 5.27005
 6.69005
 8.85332
 6.88336
 10.1165
 10.9077
 3.58603
 6.09007
 8.01129
 1.7122
 0.676005
 8.00073
 2.17251
 1.50022
 13.2419
 6.44137
 3.09615
 3.81179
 6.16956
 13.5423
 14.553
 5.44942
 9.72604
 4.46403
 2.28225
 11.0857
 13.2038
 1.26949
 5.45686
 6.485
 8.10734
 1.34049
 6.17056
 4.78103
 4.75367
 6.77743
 3.44832
 6.60692
 4.97224
 4.77105
 2.61916
 4.98449
 13.1058
 14.566
 4.57254
 13.0426
 12.5587
 7.1532
 1.52235
 8.19435
 7.63102
 1.79406
 3.41822
 8.32853
 6.73812
 6.52079
 13.7226
 6.10153
 14.5091
 3.17166
 7.24343
 4.21114
 2.98175
 16.6302
 8.39287
 6.06555
 9.52485
 12.3984
 7.14929
 7.80744
 6.59443
 7.30017
 12.0885
 17.1692
 5.90303
 8.97678
 7.22798
 6.11479
 8.80751
 1.66712
 4.54433
 10.0977
 7.07793
 5.83077
 10.9973
 6.48715
 7.21137
 7.49795
 9.91427
 3.73854
 4.06406
 8.35698
 5.31161
 4.50363
 6.06404
 13.6593
 11.8941
 5.95411
 8.19167
 3.96992
 7.2699
 6.80493
 11.2243
 3.70423
 4.16465
 2.9152
 12.8069
 5.75467
 8.62088
 5.34382
 1.7547
 8.33657
 6.36783
 3.86555
 1.8636
 4.74055
 8.52547
 2.49148
 13.1996
 10.1634
 8.5059
 8.7213
 10.3378
 3.6848
 14.3295
 11.5741
 12.04
 8.16758
 4.6396
 10.6181
 2.13705
 5.68538
 4.90205
 9.44787
 13.8525
 8.0794
 6.24823
 13.3129
 4.10469
 10.1279
 3.25014
 4.33886
 12.7661
 9.59262
 7.34998
 10.3477
 8.07458
 5.30499
 12.3307
 0.230812
 4.13913
 4.00401
 3.37467
 5.28663
 2.45177
 8.10801
 5.56508
 10.2098
 11.4918
 15.9485
 11.6761
 6.80841
 5.06729
 4.51309
 6.92735
 2.31537
 3.67706
 4.17078
 7.13419
 9.91183
 1.89932
 6.6809
 4.39426
 1.72459
 1.98903
 6.82221
 3.40783
 9.23576
 4.83508
 3.85898
 4.46373
 3.18093
 5.16264
 3.45444
 6.94157
 26.3356
 9.90611
 10.4012
 7.0336
 9.67647
 9.12819
 6.30309
 6.10062
 7.4909
 2.28982
 15.2699
 3.28388
 1.65074
 9.77649
 5.39655
 5.79244
 8.50612
 4.77608
 5.56357
 3.85719
 3.95463
 3.89059
 11.5462
 4.63074
 4.15283
 3.99354
 8.07864
 5.60597
 14.1197
 6.55645
 11.3575
 8.33502
 6.35958
 6.13796
 6.53476
 10.86
 2.44593
 4.28273
 7.89785
 1.32071
 4.23312
 19.2951
 12.9093
 7.0724
 8.03086
 0.908963
 4.97658
 10.7258
 4.91738
 2.85141
 9.38369
 5.87037
 7.79539
 8.44398
 0.859561
 10.7274
 6.17399
 3.09498
 4.1799
 4.34976
 4.56945
 7.83761
 14.9581
 3.45673
 6.29169
 8.44229
 4.60758
 1.44588
 8.33819
 7.77924
 8.70607
 5.05509
 4.85024
 2.97282
 3.36642
 4.84626
 2.43929
 10.1801
 5.09552
 9.38554
 3.80978
 11.9733
 4.25418
 5.59877
 11.7183
 3.40585
 3.71228
 5.31815
 6.98859
 6.84792
 0.618961
 3.83037
 11.4191
 3.8029
 8.04584
 6.07709
 3.54903
 11.1059
 2.78577
 7.06106
 13.2751
 9.00922
 4.61509
 4.49315
 9.26591
 7.71028
 5.93505
 9.04746
 5.89011
 3.49326
 8.50759
 3.2927
 6.49908
 5.11549
 3.98473
 5.29441
 11.6859
 13.5467
 10.0966
 8.70229
 6.89746
 1.82545
 11.2098
 4.37407
 1.85586
 4.26236
 3.87927
 12.0119
 1.65647
 2.58294
 4.99705
 5.41259
 7.98503
 7.09434
 7.87599
 8.21803
 11.163
 11.9905
 2.43372
 11.7077
 7.90182
 7.27332
 4.14911
 2.87862
 9.3476
 6.78612
 5.65009
 2.0782
 3.74507
 11.4256
 6.02286
 9.42803
 4.7935
 9.07855
 1.77525
 4.45859
 6.95508
 11.0667
 4.31146
 3.76802
 4.00875
 9.24345
 8.31436
 7.57822
 14.2668
 4.88403
 9.60531
 7.28826
 5.97417
 12.5149
 10.5986
 7.46911
 12.9679
 10.0706
 2.89659
 2.86809
 13.8991
 0.456794
 10.5435
 8.9283
 4.70799
 6.19315
 10.6042
 2.36213
 10.2106
 2.49548
 4.64922
 5.37295
 8.36139
 5.71283
 3.57144
 2.81855
 3.50008
 5.19566
 5.21739
 6.89898
 8.28289
 4.58261
 11.6367
 2.63836
 4.11469
 4.31103
 18.0681
 5.62266
 0.832283
 4.14882
 3.99698
 8.48066
 9.42237
 3.1242
 3.77543
 9.18054
 8.14305
 1.00459
 1.7718
 6.21004
 7.08217
 5.22424
 5.00123
 8.1092
 5.9035
 1.90511
 5.04148
 3.68485
 7.96412
 8.83118
 6.61447
 12.2778
 2.14338
 5.64699
 20.0648
 8.88548
 1.69526
 6.72242
 7.6619
 6.6375
 6.00668
 8.55898
 7.97744
 14.7572
 5.4611
 4.86569
 6.84168
 3.225
 4.95819
 12.0657
 8.24195
 8.82116
 6.83627
 4.88766
 3.22422
 2.94128
 6.22631
 6.10735
 0.033753
 10.4663
 11.1278
 7.90146
 8.35863
 11.6531
 8.85227
 5.44492
 8.67317
 10.1667
 4.52474
 10.5791
 3.24154
 3.82377
 5.75271
 4.59288
 9.6814
 1.18135
 6.88449
 6.17799
 3.98527
 9.75862
 10.4878
 8.91495
 5.96499
 13.3245
 6.16304
 6.48139
 7.47536
 7.4091
 8.07016
 9.9182
 2.94502
 7.68168
 13.0679
 6.45679
 8.94594
 9.62334
 6.98974
 9.3141
 5.40097
 2.82042
 6.53166
 12.0568
 1.00727
 4.92838
 2.93479
 11.509
 5.64089
 1.63323
 7.03524
 6.53664
 6.27056
 9.93762
 12.9622
 2.81056
 4.54422
 8.09152
 5.85907
 3.27586
 5.92556
 8.61631
 9.40492
 6.47903
 4.56248
 6.11221
 7.51364
 0.530955
 8.73879
 13.9549
 2.90691
 5.82361
 3.06453
 1.60135
 9.88101
 9.09216
 11.2618
 14.146
 6.46915
 7.55681
 1.89177
 8.98154
 9.1519
 4.7563
 7.35723
 1.52943
 8.88306
 5.63263
 7.86856
 2.24856
 12.361
 2.12537
 9.24402
 6.785
 6.53628
 11.3813
 2.92948
 6.2539
 4.3695
 1.62076
 14.3058
 6.08185
 4.10625
 5.69823
 4.73307
 11.4143
 6.5504
 9.24071
 7.63609
 5.19885
 1.27734
 12.2535
 8.67173
 7.43437
 1.91322
 8.82565
 4.13896
 8.38795
 4.37442
 6.27786
 3.4244
 10.0585
 11.4764
 9.34909
 5.33233
 11.8472
 11.0346
 7.54477
 8.54718
 14.3469
 0.601597
 6.76949
 0.201005
 11.1232
 10.0701
 9.93606
 1.00343
 11.9517
 7.05547
 6.44528
 11.7792
 4.50875
 5.76532
 14.0043
 8.84976
 8.54229
 2.45419
 3.69175
 10.9107
 3.26845
 5.91863
 5.25288
 9.34438
 3.54711
 1.52954
 3.42811
 4.86195
 8.09158
 8.67578
 9.69433
 11.3091
 2.53906
 7.50939
 13.7268
 5.73559
 3.27945
 7.6337
 1.38746
 8.96122
 7.77637
 11.3578
 6.10191
 2.26274
 2.18044
 11.5865
 4.26282
 9.54489
 6.25925
 2.20723
 6.9799
 9.2283
 3.30349
 5.4087
 4.83265
 7.03847
 10.6126
 10.2009
 3.796
 8.65425
 12.1104
 7.9459
 4.92388
 5.96834
 1.74624
 4.64334
 5.54879
 10.8148
 4.94977
 13.1313
 11.3812
 10.928
 15.7439
 7.78357
 13.825
 3.28868
 9.72902
 13.5702
 6.57224
 6.29074
 7.36817
 12.0581
 4.88027
 6.78377
 8.68832
 8.26775
 4.95237
 6.73671
 8.29202
 2.27874
 17.7236
 3.92798
 10.4738
 3.8923
 3.36036
 5.32214
 10.282
 15.4282
 9.8732
 6.12986
 6.2693
 10.0432
 3.77727
 5.45149
 10.6923
 14.9535
 3.12875
 9.99828
 8.30283
 5.83225
 3.07151
 4.00995
 1.38691
 2.74114
 23.0509
 4.89035
 1.42665
 6.06493
 2.86678
 15.1869
 3.76683
 6.79933
 9.80635
 4.16138
 3.27886
 4.11795
 14.55
 18.1583
 8.4552
 8.45117
 4.94965
 4.40456
 2.80419
 8.66096
 9.20811
 4.61983
 5.56486
 3.56829
 6.42452
 9.32225
 10.9786
 2.21115
 11.5406
 7.01515
 11.5698
 4.08786
 9.10146
 2.73895
 5.14677
 6.31433
 9.87671
 8.36224
 7.22683
 3.55976
 4.01239
 8.17178
 6.93614
 5.81428
 7.32518
 11.1784
 5.63169
 6.2246
 4.72736
 7.70465
 9.85757
 3.44611
 9.728
 8.46124
 13.5435
 11.0337
 2.90038
 10.2891
 4.681
 10.6864
 6.39568
 12.222
 4.82315
 2.62837
 11.8727
 7.58899
 7.3435
 10.9005
 3.23379
 9.02443
 6.50009
 5.96192
 13.1407
 13.3577
 4.82808
 10.4815
 4.72634
 2.55985
 6.53737
 4.64371
 4.87718
 3.99966
 6.29521
 4.93336
 13.1187
 13.6674
 5.65866
 7.63321
 3.98934
 1.43363
 4.51311
 2.21414
 6.16236
 5.16899
 17.9363
 8.79162
 13.7962
 6.00754
 4.46642
 1.99239
 2.49231
 4.40212
 16.6169
 7.09432
 4.90553
 18.7769
 8.70631
 8.21594
 2.82219
 8.7749
 6.71338
 10.5716
 14.3015
 8.02334
 6.80886
 3.01327
 6.87025
 5.72772
 5.99686
 9.50053
 6.55354
 2.42104
 1.24776
 13.6232
 7.56135
 11.9105
 12.9069
 14.6601
 10.2937
 6.69869
 4.75799
 4.24711
 7.38646
 8.66471
 9.50506
 2.40871
 4.3787
 5.54894
 3.1942
 1.4687
 4.31856
 9.26425
 5.44792
 5.28087
 5.82579
 7.72687
 7.27436
 2.26972
 3.36525
 4.82755
 4.14925
 5.0939
 7.96856
 6.85918
 1.27511
 6.82245
 9.7768
 4.58629
 12.8241
 3.81069
 6.27541
 5.69219
 3.29219
 4.78908
 5.60039
 10.7019
 7.14554
 14.6924
 7.66612
 3.58266
 3.86882
 10.1184
 9.21257
 2.89516
 8.4773
 11.9958
 6.67752
 8.90372
 2.98489
 7.23399
 8.02577
 5.54237
 4.95872
 9.80694
 4.52975
//widmo zespolone sygnalu
28673.9 + 0i
1.75276 - 4.17689i
6.65188 - 7.20615i
0.312972 + 4.94883i
5.37192 - 1.36396i
2.36392 - 7.66973i
2.63859 - 6.73561i
2.78059 - 1.08531i
-1.25537 + 8.81477i
-6.59272 - 1.06085i
2.30653 + 11.772i
3.7081 - 7.6233i
1.5461 + 2.44775i
5.43202 - 7.44074i
5.59062 + 8.43365i
-1.46433 + 3.581i
-2.94094 - 2.04606i
-2.88736 - 7.10159i
11.7601 - 8.80722i
-2.13917 - 6.81782i
-4.59628 - 9.66457i
-5.59486 + 0.248638i
-3.13571 + 3.61976i
1.97914 - 2.63087i
-1.39917 + 5.51755i
6.11873 + 1.39354i
-2.13683 - 3.1552i
8.24231 + 9.82459i
-4.50727 + 0.847701i
-5.37092 + 8.16939i
-3.59494 + 5.79846i
0.247895 - 1.25078i
-6.67744 - 1.56846i
-6.22476 + 4.97498i
-2.37664 - 4.50549i
-0.973807 + 4.03336i
-4.55705 - 1.5933i
3.24529 + 0.890523i
-2.16657 + 0.676446i
-2.12012 + 6.95855i
-5.84309 - 5.05596i
5.55728 + 1.74826i
2.43275 + 4.68714i
-0.980517 + 5.35896i
4.98452 - 7.80903i
-1.01869 - 4.19669i
-1.46346 + 0.124012i
0.122155 - 3.19186i
3.66157 + 4.16937i
-2.47913 + 3.60928i
0.734659 - 2.29394i
-9.24991 + 2.18754i
-8.66471 - 0.0056169i
3.08547 + 6.71116i
4.21997 + 0.479383i
4.75788 + 0.0318385i
-5.12401 - 4.31475i
1.55375 - 10.1758i
-11.0301 + 9.65687i
12.7816 + 1.79412i
-9.33673 - 7.39492i
7.50566 + 0.916033i
-5.50257 + 12.4624i
-0.0821537 + 1.24506i
-2.38414 + 0.421136i
1.35194 - 6.41258i
9.07052 - 2.82593i
-0.586545 - 5.96811i
-5.48219 - 1.65903i
2.88849 + 6.23353i
-2.6287 + 1.47301i
-4.99365 - 4.62861i
4.89524 - 6.35694i
14.2864 - 0.658244i
-9.09431 - 5.38996i
-3.109 - 5.95009i
5.97667 + 6.42482i
2.07861 - 1.90897i
4.12963 - 7.10266i
-8.43313 + 2.16382i
-6.59483 - 17.5807i
2.62705 - 4.14281i
-4.94143 + 5.09034i
16.5592 - 1.38369i
-4.3468 - 0.695697i
-1.12884 - 2.22201i
0.230622 - 1.979i
2.95942 - 3.34526i
2.7494 + 5.34147i
12.713 - 5.3587i
-1.84453 + 8.59595i
-17.7966 - 2.23429i
-5.05347 - 1.08666i
5.47179 + 2.83447i
1.26507 - 1.81715i
0.480288 + 4.48748i
0.139563 - 1.42682i
3.93205 - 0.673652i
1.79378 - 7.41946i
-3.51265 - 4.4364i
-10.9517 + 8.17668i
-4.19824 + 12.4288i
2.68566 - 4.13826i
-1.44443 - 6.12726i
3.99574 + 0.177145i
0.323502 + 4.86644i
1.48615 + 4.39947i
6.43387 + 1.15867i
-2.20208 + 1.30524i
4.67738 + 0.678488i
-4.98871 + 9.21819i
-4.29892 - 2.19764i
-10.4091 + 8.37128i
-5.37574 - 11.9908i
3.53636 + 4.79985i
5.87187 - 2.78787i
-8.07557 + 4.02808i
2.619 - 1.8969i
6.73509 - 8.57088i
-2.73467 + 6.81532i
-0.681741 + 7.5583i
-3.39209 - 11.3778i
0.583661 + 2.56274i
2.22659 - 4.27844i
8.0511 - 9.19551i
0.511347 + 6.37521i
8.63387 + 6.29718i
-2.17978 - 4.14251i
-10.2617 - 0.750546i
2.62208 + 1.23972i
-4.55099 + 10.0514i
-12.9296 + 4.0312i
7.615 - 3.68841i
-0.397368 + 9.71988i
-0.389125 + 3.42407i
0.0940247 - 9.85712i
-2.67988 + 7.22356i
4.70765 + 0.43125i
-3.16345 + 5.36081i
4.99313 + 2.60473i
7.7747 - 8.03182i
-6.96244 - 2.27654i
-0.500232 - 5.79273i
-2.1544 - 6.59307i
7.74678 + 2.60103i
3.22233 - 2.39078i
-1.125 - 3.37732i
7.0111 - 1.75256i
-7.70555 - 3.2483i
-8.40839 - 5.18154i
4.82434 + 4.07389i
4.72957 - 2.02988i
1.68336 - 2.16059i
5.43668 - 7.29926i
-3.12164 + 2.63931i
11.3858 + 2.05511i
-4.24051 - 5.58841i
3.93167 - 10.8503i
-2.20467 + 0.169096i
10.7417 + 2.26845i
-8.73222 + 3.26386i
2.43953 + 5.94332i
3.46925 + 0.83485i
-5.44966 + 1.12645i
-4.36182 - 1.52226i
-5.36265 + 7.4854i
8.64679 - 0.495334i
2.64829 + 0.921979i
2.99571 + 3.22891i
-4.89958 + 0.702241i
5.18989 - 6.66988i
8.42106 - 0.758972i
13.6728 - 11.949i
-11.3103 + 9.15313i
-2.64703 + 3.15448i
-1.38814 + 2.97052i
-0.27653 - 4.15218i
8.33665 + 5.16379i
6.60653 + 1.60766i
3.76528 - 0.108084i
-11.9082 - 9.42539i
1.18783 - 2.60912i
4.37396 + 4.20141i
0.0799417 + 1.42441i
3.25474 + 3.64996i
-0.551825 + 23.0442i
-0.353055 + 2.71831i
1.32199 - 0.419338i
3.36448 + 2.18175i
-0.204927 - 3.06466i
3.81899 + 4.408i
7.45384 - 3.65749i
6.85505 + 7.27832i
-2.66134 - 1.6451i
-12.3728 + 8.39765i
7.97099 + 7.1266i
0.524066 + 5.42625i
-2.51414 - 2.81901i
-4.64143 + 8.90639i
-6.15097 + 1.21231i
5.58595 + 2.52434i
-6.75821 + 7.19768i
14.834 - 4.24053i
-9.49853 + 3.9368i
-5.20263 - 1.12149i
-1.83763 - 2.81338i
3.17173 - 2.25613i
-0.889872 - 10.4359i
-2.58494 + 2.95755i
17.7236 + 0.0154786i
1.16345 - 1.95934i
2.10741 - 8.01975i
-6.7367 + 0.0104692i
3.48877 - 3.51489i
-2.46172 - 7.89275i
6.29365 - 5.98973i
6.46617 + 2.05139i
4.38635 - 2.1394i
11.8634 - 2.15823i
-0.718726 + 7.33303i
0.561966 - 6.26559i
2.88456 - 5.90539i
-12.5037 + 5.27325i
5.79828 + 7.81241i
2.59929 - 2.01473i
1.05216 - 13.7849i
-5.7952 + 5.19611i
3.62577 - 15.3207i
3.07189 - 10.4874i
6.40627 + 9.407i
-5.27132 + 12.0268i
-4.94972 - 0.0209451i
3.06045 + 10.3727i
-5.40467 - 1.25646i
4.09692 - 2.18537i
1.56624 + 0.772178i
-5.66722 - 1.87181i
3.4546 - 3.5086i
1.53491 - 7.79624i
8.07846 - 9.02223i
0.0938902 - 8.65374i
1.31444 - 3.56116i
-0.332728 + 10.1955i
3.5561 + 9.99911i
-4.81821 + 5.13078i
4.77977 + 0.712927i
-5.40478 - 0.205837i
-2.77815 + 1.78744i
3.93398 - 8.34777i
6.91479 + 0.951144i
0.943499 - 1.99542i
-1.77938 + 6.001i
-7.12089 - 6.35593i
-1.61002 + 3.94709i
-9.56527 + 6.5386i
1.37053 + 1.69587i
-1.75857 + 1.42388i
-3.60789 + 4.92101i
-10.2416 - 4.91008i
-5.84465 - 5.12952i
3.33592 - 8.31716i
-1.00734 + 0.954092i
2.47358 - 7.22182i
0.659923 + 3.21237i
-0.61446 - 5.70258i
7.45186 + 11.528i
-5.89903 + 4.64676i
-2.50605 + 0.408124i
11.2622 - 1.02907i
-9.65056 - 0.920227i
-2.01015 + 8.4397i
2.09066 + 7.81683i
-4.32372 - 2.2235i
1.02272 - 3.272i
-1.05035 - 1.11187i
3.10891 - 1.70784i
2.63329 - 8.96567i
-1.31538 + 5.08552i
1.50977 + 5.72283i
-3.17927 - 0.758292i
-4.56178 + 9.91123i
-0.000781059 + 3.69175i
-1.72638 - 1.74431i
8.05222 - 2.85175i
5.19418 - 7.1651i
3.58926 + 13.5365i
4.52125 + 3.57733i
1.45879 + 4.26623i
-0.998758 - 11.7368i
-0.203761 + 6.44206i
-6.0256 + 3.6704i
10.7402 - 5.24319i
0.679375 - 0.738452i
9.64088 - 2.40391i
6.77226 + 7.45274i
8.77398 - 6.83688i
-0.0904384 + 0.17951i
-5.52409 + 3.91287i
-0.333323 + 0.500814i
-12.9411 + 6.19365i
-0.751538 + 8.51407i
-6.93464 + 2.97225i
1.95735 - 10.8596i
-7.43296 + 9.22542i
-3.09995 + 4.33867i
-7.30145 + 5.83904i
1.01881 - 11.4311i
5.65122 - 8.32087i
-3.3894 - 0.488316i
-6.19991 - 0.986241i
0.632076 - 4.32851i
5.25851 - 6.53497i
-3.9752 - 1.15273i
3.38932 + 8.1489i
0.76664 + 1.7529i
7.39909 - 0.723467i
8.51849 + 1.623i
-6.38282 + 10.4598i
-0.941653 - 0.863074i
2.34572 - 4.63957i
1.16496 - 7.5467i
6.15333 + 6.894i
-2.03764 - 6.22541i
-11.3711 + 0.992388i
-4.71613 + 0.400058i
-5.4374 - 1.70427i
3.44334 + 2.23713i
-0.435 - 6.06627i
10.3795 + 9.84484i
0.446538 - 1.55803i
4.23108 + 1.0911i
-3.60814 + 5.10808i
1.38848 - 2.57953i
2.93453 + 10.9965i
6.48364 - 0.827846i
6.63639 + 1.41226i
9.20099 - 0.890866i
-1.73468 + 1.22804i
11.9425 - 3.18909i
2.19924 - 0.46835i
2.86766 + 7.3274i
1.46437 + 5.43894i
-7.96618 + 3.93048i
-1.5294 - 0.0101309i
-6.62427 - 3.20124i
-4.35921 - 1.90255i
8.99079 + 1.70969i
-5.07432 + 7.41076i
1.45412 + 1.2101i
5.24942 + 5.4359i
2.42795 - 5.99625i
2.67271 - 13.8912i
11.0135 + 2.35194i
-8.97897 - 1.43018i
9.64376 - 2.15227i
-0.692121 - 1.44406i
0.184297 + 3.05899i
-3.57303 + 4.59868i
0.90143 + 2.76361i
4.11958 + 13.333i
-5.46294 - 6.82076i
-0.523431 - 0.0890684i
7.50817 + 0.286773i
-1.26157 - 5.98059i
-0.638895 - 4.51753i
4.30754 - 4.83972i
6.58892 - 6.71109i
3.71305 - 7.77522i
-4.34698 + 4.02691i
-1.91079 + 2.66086i
5.59027 + 1.7543i
-1.17176 - 8.00622i
-3.36994 + 3.04851i
-1.51108 - 2.36979i
6.51012 - 11.2087i
-9.4188 - 3.16897i
3.18839 - 5.39945i
-1.02945 + 6.45507i
1.73552 + 6.81782i
1.61137 + 0.26635i
3.16539 - 4.66904i
5.50267 - 10.1083i
2.29079 - 1.83446i
-0.529007 + 4.8999i
0.916933 + 0.416914i
7.06351 + 9.77099i
0.698665 - 6.49419i
2.55225 - 1.20033i
5.22704 + 1.35962i
-3.31721 + 8.70337i
5.95474 + 3.66027i
9.53965 + 1.26645i
0.207593 + 8.94353i
-2.15463 - 6.08668i
0.0594637 - 13.0678i
0.0669689 + 7.68139i
2.87739 + 0.627496i
-9.71174 - 2.01315i
-4.34159 + 6.8028i
0.529886 - 7.39013i
-0.168544 - 7.47346i
6.1929 - 1.91215i
-6.15981 - 0.199329i
2.82379 - 13.0219i
-5.42509 + 2.47982i
-0.0291071 + 8.9149i
-5.83501 - 8.71478i
4.32176 + 8.74946i
-2.56747 + 3.04802i
-3.75375 - 4.90683i
6.82705 - 0.887432i
0.0956531 - 1.17747i
7.74152 - 5.81365i
-3.20074 - 3.29391i
5.36314 - 2.08098i
2.23902 + 3.09968i
2.21697 - 2.36488i
7.40317 - 7.55713i
4.15618 + 1.78868i
-6.93777 - 7.4316i
2.45686 + 8.31792i
2.59404 - 4.78729i
-8.43349 + 2.69053i
-9.58941 + 6.62103i
-4.57315 + 6.99664i
7.88395 + 0.52576i
0.786234 - 11.1i
-9.90705 - 3.37534i
0.0326103 + 0.00870842i
2.52484 - 5.56102i
0.446365 + 6.21029i
-0.871403 - 2.80923i
2.12357 - 2.42612i
3.16567 - 3.72394i
6.7114 - 1.30067i
-8.58636 + 2.02171i
7.26111 - 3.89948i
-12.0375 - 0.823658i
3.21494 + 3.77463i
2.61434 - 1.88834i
6.77909 - 0.92333i
-3.17327 - 3.68854i
-4.4585 + 3.15363i
-11.8297 - 8.82222i
4.46089 + 6.61362i
0.151112 + 8.55764i
0.120543 - 6.00547i
-6.02218 - 2.79101i
-7.61152 + 0.877126i
6.08537 + 2.85643i
-1.59492 + 0.574562i
5.06031 + 7.30376i
1.38744 - 20.0168i
-1.26917 - 5.50252i
0.457437 - 2.094i
-5.66193 - 10.8943i
-0.603157 - 6.58691i
7.78278 - 4.17348i
-3.6244 - 7.09161i
1.27079 + 3.45879i
-4.95813 - 0.912947i
-1.21459 + 1.46773i
5.88327 + 0.488272i
2.12331 + 7.82628i
-4.77684 - 1.48125i
0.952982 + 5.13658i
6.32637 + 3.18344i
3.93017 - 4.80815i
1.13007 + 1.36463i
1.00106 + 0.0841398i
8.14305 + 0.0104412i
7.42361 - 5.40113i
1.67902 + 3.38154i
-1.94314 + 2.4464i
9.37916 + 0.901367i
-7.09579 + 4.64449i
1.46214 - 3.71995i
-2.06092 - 3.60074i
-0.202115 - 0.807369i
5.49019 - 1.21329i
16.5832 - 7.17322i
-3.78106 - 2.07089i
3.56609 + 2.05272i
1.66165 - 2.04936i
-9.46449 - 6.77026i
3.36035 - 3.11583i
7.28751 + 3.93681i
-5.15268 + 4.58758i
4.71424 + 2.23542i
2.67601 - 4.45353i
1.60172 + 3.11208i
2.72254 - 0.72939i
3.56232 - 0.255124i
-5.54491 + 1.3749i
6.62914 - 5.09581i
-0.207149 + 5.36896i
3.42306 + 3.1461i
1.64196 + 1.8792i
5.70105 + 8.47077i
-2.3607 + 0.0821152i
-10.1255 + 3.15i
-5.69305 + 2.4381i
1.18858 - 4.55548i
-3.54763 + 8.19322i
9.05278 + 5.40496i
-0.456794 - 3.21865e-05i
12.573 + 5.925i
2.8524 + 0.299571i
-2.71261 - 1.01586i
8.67797 + 5.10971i
-12.9419 - 0.821628i
3.06176 - 6.81272i
-1.82422 - 10.4404i
6.16758 + 10.8896i
-4.60359 - 3.80759i
-1.75204 - 7.07454i
-4.42672 + 8.52444i
-4.11313 + 2.63361i
-13.2086 - 5.39209i
-0.24343 - 7.57431i
-5.59786 + 6.14756i
-8.67679 + 3.18664i
-3.91758 + 0.850086i
-3.19733 - 1.99375i
-4.25065 - 0.721552i
10.9163 - 1.8181i
-6.94202 - 0.426006i
-3.3494 - 2.94289i
1.70797 - 0.484099i
7.1103 + 5.64479i
3.29246 - 3.48387i
-2.705 + 9.03166i
-5.15105 - 3.12114i
-2.3764 + 11.1758i
2.19379 + 3.03526i
2.0416 + 0.388355i
3.34646 + 4.55244i
-1.21571 - 6.67634i
7.78619 + 5.17232i
-0.258928 - 2.86695i
-3.85109 + 1.5441i
-5.9639 - 4.1633i
6.25188 - 4.83247i
-11.4421 + 2.47955i
-2.29531 - 0.809027i
11.3171 - 3.9617i
9.971 - 5.01921i
-5.60673 - 6.00838i
-6.25733 - 4.78298i
-6.32395 + 3.21517i
-1.67253 + 7.80791i
5.33159 - 0.932883i
-4.33361 - 2.48804i
2.44091 - 0.844723i
-1.61027 - 0.388501i
-1.67233 + 11.8949i
-2.54274 - 2.92971i
0.0793645 - 4.26162i
1.32169 - 1.30283i
3.05402 + 3.13137i
-8.08477 - 7.76506i
-1.77604 - 0.421823i
4.99966 + 4.75166i
7.80253 - 3.85363i
-7.45591 - 6.8081i
12.7128 + 4.67964i
-2.31706 - 11.4538i
0.86185 + 5.2238i
-0.590793 + 3.94069i
-5.09197 - 0.490025i
5.54269 + 3.39362i
-2.87452 - 1.60594i
5.0747 + 6.82836i
3.47834 - 0.322511i
-5.85829 + 0.611335i
-8.40421 - 3.35049i
-1.42187 + 5.76222i
-7.61058 + 1.23594i
7.48475 - 5.46221i
-0.80239 - 4.42093i
4.58585 + 0.51868i
7.77602 + 4.54967i
-12.9719 - 2.82084i
5.49342 - 4.43631i
2.78094 - 0.164042i
-3.2781 + 10.6111i
2.92701 + 2.00705i
4.1972 + 4.39483i
7.34057 - 3.29417i
-2.87662 - 2.48739i
-1.56608 + 11.3112i
3.43888 + 1.68695i
-0.447925 + 0.427171i
-6.8432 + 0.254023i
-4.97644 - 4.90667i
-1.12849 + 5.19704i
-3.70277 - 0.265557i
0.369097 + 3.38579i
-3.68836 - 11.1227i
-4.768 - 2.93468i
3.34998 - 2.62215i
-10.4602 + 5.82622i
3.80702 - 0.144964i
1.75301 - 9.22038i
-4.92825 + 1.29489i
-9.04943 - 4.66293i
1.42964 + 1.97642i
4.82009 + 0.502959i
3.32138 - 0.548831i
-1.81738 - 2.35261i
-3.55532 + 3.29918i
1.04688 - 4.9455i
3.78906 + 7.83828i
-7.46947 - 2.1734i
-8.20396 - 1.4901i
1.24827 - 0.729649i
3.97349 - 2.33263i
-7.35864 - 4.13795i
1.37141 - 6.14041i
3.44268 + 0.311375i
-3.58337 + 14.5226i
-3.41877 + 7.05267i
-1.94889 + 4.133i
-1.08708 + 4.21173i
4.08467 + 0.887146i
-1.11109 - 2.88867i
-5.77846 - 2.17429i
-10.701 - 0.7516i
-0.280998 - 0.812333i
4.62374 + 7.06554i
4.7581 + 6.17484i
-5.87035 + 0.0110512i
-8.44468 + 4.09158i
1.89283 - 2.13254i
-1.75938 + 4.59186i
-10.6855 - 0.929135i
0.649078 - 4.93407i
-0.273878 - 0.866721i
0.877919 - 7.98272i
-5.24774 + 4.74132i
-11.2032 + 6.41379i
-2.67294 + 19.1091i
2.10093 + 3.67497i
-0.557767 - 1.19715i
5.70842 + 5.45802i
3.68632 + 2.1801i
-1.76779 - 1.69041i
-9.9541 + 4.34237i
-6.51833 - 0.463106i
2.11287 + 5.76284i
5.06573 + 3.84482i
-7.48108 + 3.67504i
-8.60636 + 7.411i
1.97356 - 6.25237i
-2.33869 + 13.9247i
3.06297 + 4.69523i
-8.00515 - 1.08718i
-0.212768 - 3.98786i
-0.507491 + 4.1217i
-0.916328 - 4.53918i
5.4865 + 10.1594i
2.33712 + 3.1104i
-2.06523 + 3.37253i
2.10548 - 3.23185i
-5.40632 + 1.3134i
-0.931926 - 4.68428i
8.3966 + 1.36061i
-4.54342 - 3.593i
5.09344 - 1.78315i
9.31559 + 2.96643i
-1.55746 + 0.547025i
3.28384 - 0.0168217i
-10.4914 + 11.0951i
-1.48525 + 1.7428i
3.83932 + 6.4322i
1.40515 + 5.9366i
1.12038 - 6.20272i
9.10018 + 0.714454i
7.21637 - 6.44656i
-6.82868 + 1.68543i
-2.53223 - 10.0882i
-5.43512 + 8.28194i
-11.6394 + 23.6239i
-6.45056 + 2.5643i
2.17265 - 2.68566i
-4.73002 + 2.06875i
3.07498 + 0.814167i
4.40685 + 0.710298i
-3.84126 - 0.369329i
-2.59678 - 4.07857i
6.65702 - 6.40183i
1.678 - 2.96608i
4.92661 + 4.71922i
1.43216 + 1.38028i
1.5255 - 0.804396i
3.16364 + 3.04974i
-3.26488 - 5.82881i
1.72962 - 0.784758i
0.222985 - 9.90932i
6.10137 - 3.69729i
4.02343 - 1.09883i
1.54834 - 3.33518i
-1.92907 - 1.28048i
-2.41906 - 6.49125i
1.21086 + 4.34762i
1.60998 + 4.80472i
-5.19115 + 4.40527i
1.03729 - 11.63i
-15.2339 - 4.72053i
2.69773 + 11.1707i
5.37849 - 8.67824i
-4.15157 + 3.70602i
-5.63887 + 5.82605i
1.37378 + 2.03074i
-4.88948 - 2.01034i
-1.83302 - 2.83345i
-2.07599 - 3.4238i
-2.22624 + 3.48945i
0.228871 + 0.0298715i
-6.63794 + 10.3915i
-4.91327 + 2.00066i
-4.3192 - 6.82227i
3.52401 + 9.72909i
-3.11516 + 6.65718i
9.12215 - 2.96727i
-4.97096 + 11.7585i
-2.19012 - 3.74554i
-2.07193 + 2.5041i
8.55962 - 5.41355i
2.95688 - 2.84698i
1.37064 - 13.2422i
-1.30726 + 6.10995i
-2.4914 - 7.68568i
9.15697 - 10.3943i
-6.02194 + 7.28001i
-4.79227 - 1.03165i
-2.53101 - 5.09092i
-1.65981 - 1.34611i
10.531 + 1.35706i
4.22958 - 1.90698i
-8.14948 + 0.5435i
0.191535 - 12.0385i
-9.32585 + 6.85476i
13.6665 - 4.3082i
3.21654 + 1.79767i
-1.17113 - 10.2712i
8.01887 - 3.42911i
-8.37596 + 1.48109i
-9.776 - 2.77935i
1.69962 - 13.0897i
-0.733791 + 2.38097i
3.29374 - 7.86352i
-3.52976 - 3.16442i
-1.79704 - 0.4936i
3.19892 + 2.17012i
-5.68334 - 2.87207i
-2.43663 + 7.97253i
1.10911 + 1.35972i
-3.66614 + 3.88791i
8.28412 + 2.38597i
4.72902 + 3.27912i
-4.21136 - 12.0947i
-2.23901 + 1.86687i
3.19159 + 2.67546i
-1.0223 + 3.56036i
1.08026 - 11.1722i
5.95718 - 3.28924i
-1.37181 + 7.1393i
0.490501 + 3.9395i
8.15045 + 0.820749i
-5.71545 + 1.66886i
2.14725 + 11.6987i
-12.4921 + 5.52478i
-5.86121 - 1.55525i
-3.00336 + 3.35596i
1.99829 + 4.92138i
3.61677 - 7.5338i
2.56177 - 3.15498i
3.36679 + 1.62524i
-8.69102 + 4.77062i
2.10354 - 7.19683i
1.02083 - 7.13875i
-6.48114 - 0.279174i
1.29721 - 10.9205i
-0.175804 + 5.82812i
7.07047 - 0.32495i
-9.90209 - 1.97803i
-4.38946 + 1.17626i
1.0206 + 1.3182i
-7.49884 - 4.61948i
4.3406 + 4.30695i
1.29195 + 7.11158i
-8.04218 + 3.98822i
-1.41267 + 5.7315i
16.0776 + 6.02423i
3.51103 + 11.5674i
-1.47461 - 7.14968i
2.17323 + 6.22604i
5.34416 + 5.69175i
-5.67679 - 4.34585i
-10.9807 - 5.75714i
-7.90471 + 5.31398i
-4.8817 - 3.59998i
-5.53762 + 6.30674i
15.3719 - 6.34572i
1.62535 - 2.49981i
-2.91543 + 3.03874i
6.995 + 1.88076i
2.11661 + 2.36208i
-13.5078 + 5.29657i
-0.651561 + 6.06665i
-0.90286 + 13.6929i
-6.39946 + 1.25207i
-4.74501 - 4.78406i
1.74023 + 8.14469i
-2.74351 - 2.03898i
-1.07774 + 1.43427i
-3.34373 - 6.85944i
4.75418 + 6.67421i
0.8742 + 1.24632i
6.90964 + 1.85075i
8.13406 - 9.56859i
-12.6849 - 3.03374i
3.07894 + 3.38058i
5.48278 - 13.4947i
-0.884862 - 13.0759i
-2.75998 - 4.15063i
1.13082 - 2.36247i
-3.80587 - 2.8772i
4.97224 - 0.00167418i
-2.02691 + 6.28832i
-0.534065 - 3.40671i
-0.0658667 + 6.77711i
-4.44862 + 1.67546i
-4.7722 - 0.290457i
-0.817076 + 6.11622i
-1.2205 - 0.554339i
6.80977 + 4.39955i
1.83328 + 6.22048i
0.36083 + 5.44491i
0.440783 + 1.19051i
-8.88734 - 9.76506i
-7.77114 - 7.90582i
-0.907119 - 2.09423i
2.58226 + 3.64136i
-7.24968 + 6.48368i
-3.21964 + 4.3966i
-13.4388 - 5.58477i
-4.40892 - 12.8045i
-4.90109 + 3.74737i
0.972458 - 3.68566i
-1.28447 + 2.81713i
5.5276 + 3.3071i
10.8314 - 7.61764i
-0.0726676 + 1.49846i
2.05051 + 0.717767i
7.08364 + 3.71937i
-0.231319 - 0.635196i
-1.10461 - 1.30823i
-7.54696 + 2.6878i
2.5881 + 5.51278i
-2.23371 + 2.80537i
0.238842 + 10.9051i
1.46226 - 10.0103i
6.49751 - 2.27221i
-8.08304 - 3.61188i
-5.76603 + 3.3926i
4.03846 + 3.3859i
4.18597 - 4.10257i
-1.70928 + 7.28024i
-5.2692 - 10.7238i
6.49339 - 1.68491i
-1.84117 + 6.89553i
-1.886 - 5.02027i
-5.26095 + 1.89645i
4.23732 + 6.76371i
-2.01019 + 8.98454i
-3.62593 + 0.835953i
-5.61316 + 0.820515i
1.71282 - 0.19902i
8.44133 - 6.41106i
-2.35466 - 0.0639122i
5.35771 - 5.41593i
-4.42016 + 2.31192i
1.25587 - 6.28514i
-8.30696 - 5.5006i
2.59694 + 4.75235i
-7.63939 + 4.31703i
-0.0470754 - 5.01354i
-13.0152 + 4.09226i
2.21177 - 5.38597i
3.64102 - 4.7554i
4.23312 - 8.53961i
2.98916 - 4.50151i
-0.420891 + 4.93022i
-9.94406 + 0.996336i
-4.7147 - 3.33619i
-9.71389 - 7.31486i
-1.49603 + 0.861161i
5.91633 + 5.25186i
-2.97827 + 6.37812i
-0.681851 + 4.72761i
4.39367 - 2.05912i
1.31139 + 4.16302i
4.24469 + 5.5709i
-9.84041 + 1.4731i
-4.39928 - 5.72505i
-2.08376 + 3.02516i
3.83954 - 0.839297i
-3.37653 + 2.54057i
2.83481 - 8.34186i
12.4728 - 0.286566i
4.10253 - 2.35689i
5.19176 - 2.79326i
13.6878 + 3.54084i
0.123931 + 6.73119i
0.591303 + 5.74351i
-7.5291 + 5.4029i
-2.42386 - 5.47688i
5.31075 + 2.89819i
0.885014 - 1.02853i
-1.23019 - 2.12866i
-10.0763 - 5.82705i
-0.90075 + 5.34618i
-9.90502 + 0.780642i
4.27661 + 1.12407i
5.39427 - 5.66899i
17.1063 + 3.82877i
4.70352 - 6.19716i
8.15243 - 5.33568i
0.0756199 - 6.29985i
3.66088 + 0.680286i
-6.93841 - 4.46442i
-2.01174 + 3.19275i
-6.93427 - 12.6632i
0.673532 - 13.215i
-2.59265 - 2.5663i
3.71618 + 7.95825i
0.779994 - 8.27872i
-1.73401 + 3.8154i
1.84899 - 4.85493i
0.751189 + 10.3888i
6.03948 - 4.07049i
-0.611046 + 0.585177i
0.507352 - 12.1648i
4.19696 + 12.9336i
-2.97833 - 4.52028i
-0.188295 - 7.95121i
-6.30901 + 2.05367i
1.48326 + 3.14714i
-0.235363 - 4.06922i
-10.8072 - 1.96609i
-0.319803 + 12.2527i
7.45787 + 9.66602i
-3.73745 + 7.73489i
-3.36354 + 1.29975i
-1.23239 + 2.21357i
1.70165 + 9.07565i
-2.39553 + 6.00436i
-7.72811 + 2.55558i
-4.58537 + 3.39459i
-1.53352 - 3.87795i
3.35961 + 3.20415i
-0.059824 + 3.65129i
2.35176 - 2.32718i
9.90748 - 5.32869i
8.08167 + 2.09017i
0.615066 - 3.69165i
2.94527 - 3.50145i
-6.35614 - 2.50503i
3.31788 + 8.27607i
-5.70896 - 2.65811i
11.1263 - 2.13925i
9.2143 + 1.46566i
-4.04781 - 7.31257i
-3.46385 + 12.9398i
-1.92695 + 0.41792i
2.79955 + 2.74858i
4.10143 - 6.14068i
-6.83053 + 0.14675i
4.01881 + 7.65058i
-5.70834 + 6.90002i
-1.38278 + 0.210559i
-4.79361 + 1.01466i
2.16748 + 4.93796i
-2.17212 - 7.33726i
-3.62187 - 7.688i
6.44925 - 1.45638i
-2.33674 + 3.25238i
-1.97769 - 5.74304i
2.46966 - 0.50692i
-0.653702 - 1.86408i
-3.24348 + 5.78094i
-2.7033 - 4.23554i
5.73053 - 2.41872i
-5.85693 + 3.60947i
9.7059 - 7.35015i
4.98944 + 2.95822i
-0.642562 + 5.27869i
-0.12072 - 7.07514i
-6.64455 - 3.11875i
1.24623 - 4.79661i
-6.66493 + 0.432684i
6.33053 - 1.59923i
1.83249 + 3.43803i
-5.78096 + 6.63045i
-7.86442 - 3.43113i
-0.830054 - 5.32608i
0.119482 - 0.251609i
1.77396 - 0.29657i
-0.571343 + 13.7855i
1.87636 - 1.40044i
-3.52781 - 8.6047i
3.20436 - 6.75382i
-1.01411 + 4.05602i
-0.429624 - 1.99406i
-3.52721 + 4.44206i
4.69911 - 2.73834i
2.04311 + 2.41378i
-0.99976 + 11.5288i
-0.458874 + 0.6928i
6.73152 - 0.992278i
1.27099 + 4.29035i
-7.28798 + 5.75224i
1.27099 + 4.29035i
6.73152 - 0.992278i
-0.458874 + 0.6928i
-0.99976 + 11.5288i
2.04311 + 2.41378i
4.69911 - 2.73834i
-3.52721 + 4.44206i
-0.429624 - 1.99406i
-1.01411 + 4.05602i
3.20436 - 6.75382i
-3.52781 - 8.6047i
1.87636 - 1.40044i
-0.571343 + 13.7855i
1.77396 - 0.29657i
0.119482 - 0.251609i
-0.830054 - 5.32608i
-7.86442 - 3.43113i
-5.78096 + 6.63045i
1.83249 + 3.43803i
6.33053 - 1.59923i
-6.66493 + 0.432684i
1.24623 - 4.79661i
-6.64455 - 3.11875i
-0.12072 - 7.07514i
-0.642562 + 5.27869i
4.98944 + 2.95822i
9.7059 - 7.35015i
-5.85693 + 3.60947i
5.73053 - 2.41872i
-2.7033 - 4.23554i
-3.24348 + 5.78094i
-0.653702 - 1.86408i
2.46966 - 0.50692i
-1.97769 - 5.74304i
-2.33674 + 3.25238i
6.44925 - 1.45638i
-3.62187 - 7.688i
-2.17212 - 7.33726i
2.16748 + 4.93796i
-4.79361 + 1.01466i
-1.38278 + 0.210559i
-5.70834 + 6.90002i
4.01881 + 7.65058i
-6.83053 + 0.14675i
4.10143 - 6.14068i
2.79955 + 2.74858i
-1.92695 + 0.41792i
-3.46385 + 12.9398i
-4.04781 - 7.31257i
9.2143 + 1.46566i
11.1263 - 2.13925i
-5.70896 - 2.65811i
3.31788 + 8.27607i
-6.35614 - 2.50503i
2.94527 - 3.50145i
0.615066 - 3.69165i
8.08167 + 2.09017i
9.90748 - 5.32869i
2.35176 - 2.32718i
-0.059824 + 3.65129i
3.35961 + 3.20415i
-1.53352 - 3.87795i
-4.58537 + 3.39459i
-7.72811 + 2.55558i
-2.39553 + 6.00436i
1.70165 + 9.07565i
-1.23239 + 2.21357i
-3.36354 + 1.29975i
-3.73745 + 7.73489i
7.45787 + 9.66602i
-0.319803 + 12.2527i
-10.8072 - 1.96609i
-0.235363 - 4.06922i
1.48326 + 3.14714i
-6.30901 + 2.05367i
-0.188295 - 7.95121i
-2.97833 - 4.52028i
4.19696 + 12.9336i
0.507352 - 12.1648i
-0.611046 + 0.585177i
6.03948 - 4.07049i
0.751189 + 10.3888i
1.84899 - 4.85493i
-1.73401 + 3.8154i
0.779994 - 8.27872i
3.71618 + 7.95825i
-2.59265 - 2.5663i
0.673532 - 13.215i
-6.93427 - 12.6632i
-2.01174 + 3.19275i
-6.93841 - 4.46442i
3.66088 + 0.680286i
0.0756199 - 6.29985i
8.15243 - 5.33568i
4.70352 - 6.19716i
17.1063 + 3.82877i
5.39427 - 5.66899i
4.27661 + 1.12407i
-9.90502 + 0.780642i
-0.90075 + 5.34618i
-10.0763 - 5.82705i
-1.23019 - 2.12866i
0.885014 - 1.02853i
5.31075 + 2.89819i
-2.42386 - 5.47688i
-7.5291 + 5.4029i
0.591303 + 5.74351i
0.123931 + 6.73119i
13.6878 + 3.54084i
5.19176 - 2.79326i
4.10253 - 2.35689i
12.4728 - 0.286566i
2.83481 - 8.34186i
-3.37653 + 2.54057i
3.83954 - 0.839297i
-2.08376 + 3.02516i
-4.39928 - 5.72505i
-9.84041 + 1.4731i
4.24469 + 5.5709i
1.31139 + 4.16302i
4.39367 - 2.05912i
-0.681851 + 4.72761i
-2.97827 + 6.37812i
5.91633 + 5.25186i
-1.49603 + 0.861161i
-9.71389 - 7.31486i
-4.7147 - 3.33619i
-9.94406 + 0.996336i
-0.420891 + 4.93022i
2.98916 - 4.50151i
4.23312 - 8.53961i
3.64102 - 4.7554i
2.21177 - 5.38597i
-13.0152 + 4.09226i
-0.0470754 - 5.01354i
-7.63939 + 4.31703i
2.59694 + 4.75235i
-8.30696 - 5.5006i
1.25587 - 6.28514i
-4.42016 + 2.31192i
5.35771 - 5.41593i
-2.35466 - 0.0639122i
8.44133 - 6.41106i
1.71282 - 0.19902i
-5.61316 + 0.820515i
-3.62593 + 0.835953i
-2.01019 + 8.98454i
4.23732 + 6.76371i
-5.26095 + 1.89645i
-1.886 - 5.02027i
-1.84117 + 6.89553i
6.49339 - 1.68491i
-5.2692 - 10.7238i
-1.70928 + 7.28024i
4.18597 - 4.10257i
4.03846 + 3.3859i
-5.76603 + 3.3926i
-8.08304 - 3.61188i
6.49751 - 2.27221i
1.46226 - 10.0103i
0.238842 + 10.9051i
-2.23371 + 2.80537i
2.5881 + 5.51278i
-7.54696 + 2.6878i
-1.10461 - 1.30823i
-0.231319 - 0.635196i
7.08364 + 3.71937i
2.05051 + 0.717767i
-0.0726676 + 1.49846i
10.8314 - 7.61764i
5.5276 + 3.3071i
-1.28447 + 2.81713i
0.972458 - 3.68566i
-4.90109 + 3.74737i
-4.40892 - 12.8045i
-13.4388 - 5.58477i
-3.21964 + 4.3966i
-7.24968 + 6.48368i
2.58226 + 3.64136i
-0.907119 - 2.09423i
-7.77114 - 7.90582i
-8.88734 - 9.76506i
0.440783 + 1.19051i
0.36083 + 5.44491i
1.83328 + 6.22048i
6.80977 + 4.39955i
-1.2205 - 0.554339i
-0.817076 + 6.11622i
-4.7722 - 0.290457i
-4.44862 + 1.67546i
-0.0658667 + 6.77711i
-0.534065 - 3.40671i
-2.02691 + 6.28832i
4.97224 - 0.00167418i
-3.80587 - 2.8772i
1.13082 - 2.36247i
-2.75998 - 4.15063i
-0.884862 - 13.0759i
5.48278 - 13.4947i
3.07894 + 3.38058i
-12.6849 - 3.03374i
8.13406 - 9.56859i
6.90964 + 1.85075i
0.8742 + 1.24632i
4.75418 + 6.67421i
-3.34373 - 6.85944i
-1.07774 + 1.43427i
-2.74351 - 2.03898i
1.74023 + 8.14469i
-4.74501 - 4.78406i
-6.39946 + 1.25207i
-0.90286 + 13.6929i
-0.651561 + 6.06665i
-13.5078 + 5.29657i
2.11661 + 2.36208i
6.995 + 1.88076i
-2.91543 + 3.03874i
1.62535 - 2.49981i
15.3719 - 6.34572i
-5.53762 + 6.30674i
-4.8817 - 3.59998i
-7.90471 + 5.31398i
-10.9807 - 5.75714i
-5.67679 - 4.34585i
5.34416 + 5.69175i
2.17323 + 6.22604i
-1.47461 - 7.14968i
3.51103 + 11.5674i
16.0776 + 6.02423i
-1.41267 + 5.7315i
-8.04218 + 3.98822i
1.29195 + 7.11158i
4.3406 + 4.30695i
-7.49884 - 4.61948i
1.0206 + 1.3182i
-4.38946 + 1.17626i
-9.90209 - 1.97803i
7.07047 - 0.32495i
-0.175804 + 5.82812i
1.29721 - 10.9205i
-6.48114 - 0.279174i
1.02083 - 7.13875i
2.10354 - 7.19683i
-8.69102 + 4.77062i
3.36679 + 1.62524i
2.56177 - 3.15498i
3.61677 - 7.5338i
1.99829 + 4.92138i
-3.00336 + 3.35596i
-5.86121 - 1.55525i
-12.4921 + 5.52478i
2.14725 + 11.6987i
-5.71545 + 1.66886i
8.15045 + 0.820749i
0.490501 + 3.9395i
-1.37181 + 7.1393i
5.95718 - 3.28924i
1.08026 - 11.1722i
-1.0223 + 3.56036i
3.19159 + 2.67546i
-2.23901 + 1.86687i
-4.21136 - 12.0947i
4.72902 + 3.27912i
8.28412 + 2.38597i
-3.66614 + 3.88791i
1.10911 + 1.35972i
-2.43663 + 7.97253i
-5.68334 - 2.87207i
3.19892 + 2.17012i
-1.79704 - 0.4936i
-3.52976 - 3.16442i
3.29374 - 7.86352i
-0.733791 + 2.38097i
1.69962 - 13.0897i
-9.776 - 2.77935i
-8.37596 + 1.48109i
8.01887 - 3.42911i
-1.17113 - 10.2712i
3.21654 + 1.79767i
13.6665 - 4.3082i
-9.32585 + 6.85476i
0.191535 - 12.0385i
-8.14948 + 0.5435i
4.22958 - 1.90698i
10.531 + 1.35706i
-1.65981 - 1.34611i
-2.53101 - 5.09092i
-4.79227 - 1.03165i
-6.02194 + 7.28001i
9.15697 - 10.3943i
-2.4914 - 7.68568i
-1.30726 + 6.10995i
1.37064 - 13.2422i
2.95688 - 2.84698i
8.55962 - 5.41355i
-2.07193 + 2.5041i
-2.19012 - 3.74554i
-4.97096 + 11.7585i
9.12215 - 2.96727i
-3.11516 + 6.65718i
3.52401 + 9.72909i
-4.3192 - 6.82227i
-4.91327 + 2.00066i
-6.63794 + 10.3915i
0.228871 + 0.0298715i
-2.22624 + 3.48945i
-2.07599 - 3.4238i
-1.83302 - 2.83345i
-4.88948 - 2.01034i
1.37378 + 2.03074i
-5.63887 + 5.82605i
-4.15157 + 3.70602i
5.37849 - 8.67824i
2.69773 + 11.1707i
-15.2339 - 4.72053i
1.03729 - 11.63i
-5.19115 + 4.40527i
1.60998 + 4.80472i
1.21086 + 4.34762i
-2.41906 - 6.49125i
-1.92907 - 1.28048i
1.54834 - 3.33518i
4.02343 - 1.09883i
6.10137 - 3.69729i
0.222985 - 9.90932i
1.72962 - 0.784758i
-3.26488 - 5.82881i
3.16364 + 3.04974i
1.5255 - 0.804396i
1.43216 + 1.38028i
4.92661 + 4.71922i
1.678 - 2.96608i
6.65702 - 6.40183i
-2.59678 - 4.07857i
-3.84126 - 0.369329i
4.40685 + 0.710298i
3.07498 + 0.814167i
-4.73002 + 2.06875i
2.17265 - 2.68566i
-6.45056 + 2.5643i
-11.6394 + 23.6239i
-5.43512 + 8.28194i
-2.53223 - 10.0882i
-6.82868 + 1.68543i
7.21637 - 6.44656i
9.10018 + 0.714454i
1.12038 - 6.20272i
1.40515 + 5.9366i
3.83932 + 6.4322i
-1.48525 + 1.7428i
-10.4914 + 11.0951i
3.28384 - 0.0168217i
-1.55746 + 0.547025i
9.31559 + 2.96643i
5.09344 - 1.78315i
-4.54342 - 3.593i
8.3966 + 1.36061i
-0.931926 - 4.68428i
-5.40632 + 1.3134i
2.10548 - 3.23185i
-2.06523 + 3.37253i
2.33712 + 3.1104i
5.4865 + 10.1594i
-0.916328 - 4.53918i
-0.507491 + 4.1217i
-0.212768 - 3.98786i
-8.00515 - 1.08718i
3.06297 + 4.69523i
-2.33869 + 13.9247i
1.97356 - 6.25237i
-8.60636 + 7.411i
-7.48108 + 3.67504i
5.06573 + 3.84482i
2.11287 + 5.76284i
-6.51833 - 0.463106i
-9.9541 + 4.34237i
-1.76779 - 1.69041i
3.68632 + 2.1801i
5.70842 + 5.45802i
-0.557767 - 1.19715i
2.10093 + 3.67497i
-2.67294 + 19.1091i
-11.2032 + 6.41379i
-5.24774 + 4.74132i
0.877919 - 7.98272i
-0.273878 - 0.866721i
0.649078 - 4.93407i
-10.6855 - 0.929135i
-1.75938 + 4.59186i
1.89283 - 2.13254i
-8.44468 + 4.09158i
-5.87035 + 0.0110512i
4.7581 + 6.17484i
4.62374 + 7.06554i
-0.280998 - 0.812333i
-10.701 - 0.7516i
-5.77846 - 2.17429i
-1.11109 - 2.88867i
4.08467 + 0.887146i
-1.08708 + 4.21173i
-1.94889 + 4.133i
-3.41877 + 7.05267i
-3.58337 + 14.5226i
3.44268 + 0.311375i
1.37141 - 6.14041i
-7.35864 - 4.13795i
3.97349 - 2.33263i
1.24827 - 0.729649i
-8.20396 - 1.4901i
-7.46947 - 2.1734i
3.78906 + 7.83828i
1.04688 - 4.9455i
-3.55532 + 3.29918i
-1.81738 - 2.35261i
3.32138 - 0.548831i
4.82009 + 0.502959i
1.42964 + 1.97642i
-9.04943 - 4.66293i
-4.92825 + 1.29489i
1.75301 - 9.22038i
3.80702 - 0.144964i
-10.4602 + 5.82622i
3.34998 - 2.62215i
-4.768 - 2.93468i
-3.68836 - 11.1227i
0.369097 + 3.38579i
-3.70277 - 0.265557i
-1.12849 + 5.19704i
-4.97644 - 4.90667i
-6.8432 + 0.254023i
-0.447925 + 0.427171i
3.43888 + 1.68695i
-1.56608 + 11.3112i
-2.87662 - 2.48739i
7.34057 - 3.29417i
4.1972 + 4.39483i
2.92701 + 2.00705i
-3.2781 + 10.6111i
2.78094 - 0.164042i
5.49342 - 4.43631i
-12.9719 - 2.82084i
7.77602 + 4.54967i
4.58585 + 0.51868i
-0.80239 - 4.42093i
7.48475 - 5.46221i
-7.61058 + 1.23594i
-1.42187 + 5.76222i
-8.40421 - 3.35049i
-5.85829 + 0.611335i
3.47834 - 0.322511i
5.0747 + 6.82836i
-2.87452 - 1.60594i
5.54269 + 3.39362i
-5.09197 - 0.490025i
-0.590793 + 3.94069i
0.86185 + 5.2238i
-2.31706 - 11.4538i
12.7128 + 4.67964i
-7.45591 - 6.8081i
7.80253 - 3.85363i
4.99966 + 4.75166i
-1.77604 - 0.421823i
-8.08477 - 7.76506i
3.05402 + 3.13137i
1.32169 - 1.30283i
0.0793645 - 4.26162i
-2.54274 - 2.92971i
-1.67233 + 11.8949i
-1.61027 - 0.388501i
2.44091 - 0.844723i
-4.33361 - 2.48804i
5.33159 - 0.932883i
-1.67253 + 7.80791i
-6.32395 + 3.21517i
-6.25733 - 4.78298i
-5.60673 - 6.00838i
9.971 - 5.01921i
11.3171 - 3.9617i
-2.29531 - 0.809027i
-11.4421 + 2.47955i
6.25188 - 4.83247i
-5.9639 - 4.1633i
-3.85109 + 1.5441i
-0.258928 - 2.86695i
7.78619 + 5.17232i
-1.21571 - 6.67634i
3.34646 + 4.55244i
2.0416 + 0.388355i
2.19379 + 3.03526i
-2.3764 + 11.1758i
-5.15105 - 3.12114i
-2.705 + 9.03166i
3.29246 - 3.48387i
7.1103 + 5.64479i
1.70797 - 0.484099i
-3.3494 - 2.94289i
-6.94202 - 0.426006i
10.9163 - 1.8181i
-4.25065 - 0.721552i
-3.19733 - 1.99375i
-3.91758 + 0.850086i
-8.67679 + 3.18664i
-5.59786 + 6.14756i
-0.24343 - 7.57431i
-13.2086 - 5.39209i
-4.11313 + 2.63361i
-4.42672 + 8.52444i
-1.75204 - 7.07454i
-4.60359 - 3.80759i
6.16758 + 10.8896i
-1.82422 - 10.4404i
3.06176 - 6.81272i
-12.9419 - 0.821628i
8.67797 + 5.10971i
-2.71261 - 1.01586i
2.8524 + 0.299571i
12.573 + 5.925i
-0.456794 - 3.21865e-05i
9.05278 + 5.40496i
-3.54763 + 8.19322i
1.18858 - 4.55548i
-5.69305 + 2.4381i
-10.1255 + 3.15i
-2.3607 + 0.0821152i
5.70105 + 8.47077i
1.64196 + 1.8792i
3.42306 + 3.1461i
-0.207149 + 5.36896i
6.62914 - 5.09581i
-5.54491 + 1.3749i
3.56232 - 0.255124i
2.72254 - 0.72939i
1.60172 + 3.11208i
2.67601 - 4.45353i
4.71424 + 2.23542i
-5.15268 + 4.58758i
7.28751 + 3.93681i
3.36035 - 3.11583i
-9.46449 - 6.77026i
1.66165 - 2.04936i
3.56609 + 2.05272i
-3.78106 - 2.07089i
16.5832 - 7.17322i
5.49019 - 1.21329i
-0.202115 - 0.807369i
-2.06092 - 3.60074i
1.46214 - 3.71995i
-7.09579 + 4.64449i
9.37916 + 0.901367i
-1.94314 + 2.4464i
1.67902 + 3.38154i
7.42361 - 5.40113i
8.14305 + 0.0104412i
1.00106 + 0.0841398i
1.13007 + 1.36463i
3.93017 - 4.80815i
6.32637 + 3.18344i
0.952982 + 5.13658i
-4.77684 - 1.48125i
2.12331 + 7.82628i
5.88327 + 0.488272i
-1.21459 + 1.46773i
-4.95813 - 0.912947i
1.27079 + 3.45879i
-3.6244 - 7.09161i
7.78278 - 4.17348i
-0.603157 - 6.58691i
-5.66193 - 10.8943i
0.457437 - 2.094i
-1.26917 - 5.50252i
1.38744 - 20.0168i
5.06031 + 7.30376i
-1.59492 + 0.574562i
6.08537 + 2.85643i
-7.61152 + 0.877126i
-6.02218 - 2.79101i
0.120543 - 6.00547i
0.151112 + 8.55764i
4.46089 + 6.61362i
-11.8297 - 8.82222i
-4.4585 + 3.15363i
-3.17327 - 3.68854i
6.77909 - 0.92333i
2.61434 - 1.88834i
3.21494 + 3.77463i
-12.0375 - 0.823658i
7.26111 - 3.89948i
-8.58636 + 2.02171i
6.7114 - 1.30067i
3.16567 - 3.72394i
2.12357 - 2.42612i
-0.871403 - 2.80923i
0.446365 + 6.21029i
2.52484 - 5.56102i
0.0326103 + 0.00870842i
-9.90705 - 3.37534i
0.786234 - 11.1i
7.88395 + 0.52576i
-4.57315 + 6.99664i
-9.58941 + 6.62103i
-8.43349 + 2.69053i
2.59404 - 4.78729i
2.45686 + 8.31792i
-6.93777 - 7.4316i
4.15618 + 1.78868i
7.40317 - 7.55713i
2.21697 - 2.36488i
2.23902 + 3.09968i
5.36314 - 2.08098i
-3.20074 - 3.29391i
7.74152 - 5.81365i
0.0956531 - 1.17747i
6.82705 - 0.887432i
-3.75375 - 4.90683i
-2.56747 + 3.04802i
4.32176 + 8.74946i
-5.83501 - 8.71478i
-0.0291071 + 8.9149i
-5.42509 + 2.47982i
2.82379 - 13.0219i
-6.15981 - 0.199329i
6.1929 - 1.91215i
-0.168544 - 7.47346i
0.529886 - 7.39013i
-4.34159 + 6.8028i
-9.71174 - 2.01315i
2.87739 + 0.627496i
0.0669689 + 7.68139i
0.0594637 - 13.0678i
-2.15463 - 6.08668i
0.207593 + 8.94353i
9.53965 + 1.26645i
5.95474 + 3.66027i
-3.31721 + 8.70337i
5.22704 + 1.35962i
2.55225 - 1.20033i
0.698665 - 6.49419i
7.06351 + 9.77099i
0.916933 + 0.416914i
-0.529007 + 4.8999i
2.29079 - 1.83446i
5.50267 - 10.1083i
3.16539 - 4.66904i
1.61137 + 0.26635i
1.73552 + 6.81782i
-1.02945 + 6.45507i
3.18839 - 5.39945i
-9.4188 - 3.16897i
6.51012 - 11.2087i
-1.51108 - 2.36979i
-3.36994 + 3.04851i
-1.17176 - 8.00622i
5.59027 + 1.7543i
-1.91079 + 2.66086i
-4.34698 + 4.02691i
3.71305 - 7.77522i
6.58892 - 6.71109i
4.30754 - 4.83972i
-0.638895 - 4.51753i
-1.26157 - 5.98059i
7.50817 + 0.286773i
-0.523431 - 0.0890684i
-5.46294 - 6.82076i
4.11958 + 13.333i
0.90143 + 2.76361i
-3.57303 + 4.59868i
0.184297 + 3.05899i
-0.692121 - 1.44406i
9.64376 - 2.15227i
-8.97897 - 1.43018i
11.0135 + 2.35194i
2.67271 - 13.8912i
2.42795 - 5.99625i
5.24942 + 5.4359i
1.45412 + 1.2101i
-5.07432 + 7.41076i
8.99079 + 1.70969i
-4.35921 - 1.90255i
-6.62427 - 3.20124i
-1.5294 - 0.0101309i
-7.96618 + 3.93048i
1.46437 + 5.43894i
2.86766 + 7.3274i
2.19924 - 0.46835i
11.9425 - 3.18909i
-1.73468 + 1.22804i
9.20099 - 0.890866i
6.63639 + 1.41226i
6.48364 - 0.827846i
2.93453 + 10.9965i
1.38848 - 2.57953i
-3.60814 + 5.10808i
4.23108 + 1.0911i
0.446538 - 1.55803i
10.3795 + 9.84484i
-0.435 - 6.06627i
3.44334 + 2.23713i
-5.4374 - 1.70427i
-4.71613 + 0.400058i
-11.3711 + 0.992388i
-2.03764 - 6.22541i
6.15333 + 6.894i
1.16496 - 7.5467i
2.34572 - 4.63957i
-0.941653 - 0.863074i
-6.38282 + 10.4598i
8.51849 + 1.623i
7.39909 - 0.723467i
0.76664 + 1.7529i
3.38932 + 8.1489i
-3.9752 - 1.15273i
5.25851 - 6.53497i
0.632076 - 4.32851i
-6.19991 - 0.986241i
-3.3894 - 0.488316i
5.65122 - 8.32087i
1.01881 - 11.4311i
-7.30145 + 5.83904i
-3.09995 + 4.33867i
-7.43296 + 9.22542i
1.95735 - 10.8596i
-6.93464 + 2.97225i
-0.751538 + 8.51407i
-12.9411 + 6.19365i
-0.333323 + 0.500814i
-5.52409 + 3.91287i
-0.0904384 + 0.17951i
8.77398 - 6.83688i
6.77226 + 7.45274i
9.64088 - 2.40391i
0.679375 - 0.738452i
10.7402 - 5.24319i
-6.0256 + 3.6704i
-0.203761 + 6.44206i
-0.998758 - 11.7368i
1.45879 + 4.26623i
4.52125 + 3.57733i
3.58926 + 13.5365i
5.19418 - 7.1651i
8.05222 - 2.85175i
-1.72638 - 1.74431i
-0.000781059 + 3.69175i
-4.56178 + 9.91123i
-3.17927 - 0.758292i
1.50977 + 5.72283i
-1.31538 + 5.08552i
2.63329 - 8.96567i
3.10891 - 1.70784i
-1.05035 - 1.11187i
1.02272 - 3.272i
-4.32372 - 2.2235i
2.09066 + 7.81683i
-2.01015 + 8.4397i
-9.65056 - 0.920227i
11.2622 - 1.02907i
-2.50605 + 0.408124i
-5.89903 + 4.64676i
7.45186 + 11.528i
-0.61446 - 5.70258i
0.659923 + 3.21237i
2.47358 - 7.22182i
-1.00734 + 0.954092i
3.33592 - 8.31716i
-5.84465 - 5.12952i
-10.2416 - 4.91008i
-3.60789 + 4.92101i
-1.75857 + 1.42388i
1.37053 + 1.69587i
-9.56527 + 6.5386i
-1.61002 + 3.94709i
-7.12089 - 6.35593i
-1.77938 + 6.001i
0.943499 - 1.99542i
6.91479 + 0.951144i
3.93398 - 8.34777i
-2.77815 + 1.78744i
-5.40478 - 0.205837i
4.77977 + 0.712927i
-4.81821 + 5.13078i
3.5561 + 9.99911i
-0.332728 + 10.1955i
1.31444 - 3.56116i
0.0938902 - 8.65374i
8.07846 - 9.02223i
1.53491 - 7.79624i
3.4546 - 3.5086i
-5.66722 - 1.87181i
1.56624 + 0.772178i
4.09692 - 2.18537i
-5.40467 - 1.25646i
3.06045 + 10.3727i
-4.94972 - 0.0209451i
-5.27132 + 12.0268i
6.40627 + 9.407i
3.07189 - 10.4874i
3.62577 - 15.3207i
-5.7952 + 5.19611i
1.05216 - 13.7849i
2.59929 - 2.01473i
5.79828 + 7.81241i
-12.5037 + 5.27325i
2.88456 - 5.90539i
0.561966 - 6.26559i
-0.718726 + 7.33303i
11.8634 - 2.15823i
4.38635 - 2.1394i
6.46617 + 2.05139i
6.29365 - 5.98973i
-2.46172 - 7.89275i
3.48877 - 3.51489i
-6.7367 + 0.0104692i
2.10741 - 8.01975i
1.16345 - 1.95934i
17.7236 + 0.0154786i
-2.58494 + 2.95755i
-0.889872 - 10.4359i
3.17173 - 2.25613i
-1.83763 - 2.81338i
-5.20263 - 1.12149i
-9.49853 + 3.9368i
14.834 - 4.24053i
-6.75821 + 7.19768i
5.58595 + 2.52434i
-6.15097 + 1.21231i
-4.64143 + 8.90639i
-2.51414 - 2.81901i
0.524066 + 5.42625i
7.97099 + 7.1266i
-12.3728 + 8.39765i
-2.66134 - 1.6451i
6.85505 + 7.27832i
7.45384 - 3.65749i
3.81899 + 4.408i
-0.204927 - 3.06466i
3.36448 + 2.18175i
1.32199 - 0.419338i
-0.353055 + 2.71831i
-0.551825 + 23.0442i
3.25474 + 3.64996i
0.0799417 + 1.42441i
4.37396 + 4.20141i
1.18783 - 2.60912i
-11.9082 - 9.42539i
3.76528 - 0.108084i
6.60653 + 1.60766i
8.33665 + 5.16379i
-0.27653 - 4.15218i
-1.38814 + 2.97052i
-2.64703 + 3.15448i
-11.3103 + 9.15313i
13.6728 - 11.949i
8.42106 - 0.758972i
5.18989 - 6.66988i
-4.89958 + 0.702241i
2.99571 + 3.22891i
2.64829 + 0.921979i
8.64679 - 0.495334i
-5.36265 + 7.4854i
-4.36182 - 1.52226i
-5.44966 + 1.12645i
3.46925 + 0.83485i
2.43953 + 5.94332i
-8.73222 + 3.26386i
10.7417 + 2.26845i
-2.20467 + 0.169096i
3.93167 - 10.8503i
-4.24051 - 5.58841i
11.3858 + 2.05511i
-3.12164 + 2.63931i
5.43668 - 7.29926i
1.68336 - 2.16059i
4.72957 - 2.02988i
4.82434 + 4.07389i
-8.40839 - 5.18154i
-7.70555 - 3.2483i
7.0111 - 1.75256i
-1.125 - 3.37732i
3.22233 - 2.39078i
7.74678 + 2.60103i
-2.1544 - 6.59307i
-0.500232 - 5.79273i
-6.96244 - 2.27654i
7.7747 - 8.03182i
4.99313 + 2.60473i
-3.16345 + 5.36081i
4.70765 + 0.43125i
-2.67988 + 7.22356i
0.0940247 - 9.85712i
-0.389125 + 3.42407i
-0.397368 + 9.71988i
7.615 - 3.68841i
-12.9296 + 4.0312i
-4.55099 + 10.0514i
2.62208 + 1.23972i
-10.2617 - 0.750546i
-2.17978 - 4.14251i
8.63387 + 6.29718i
0.511347 + 6.37521i
8.0511 - 9.19551i
2.22659 - 4.27844i
0.583661 + 2.56274i
-3.39209 - 11.3778i
-0.681741 + 7.5583i
-2.73467 + 6.81532i
6.73509 - 8.57088i
2.619 - 1.8969i
-8.07557 + 4.02808i
5.87187 - 2.78787i
3.53636 + 4.79985i
-5.37574 - 11.9908i
-10.4091 + 8.37128i
-4.29892 - 2.19764i
-4.98871 + 9.21819i
4.67738 + 0.678488i
-2.20208 + 1.30524i
6.43387 + 1.15867i
1.48615 + 4.39947i
0.323502 + 4.86644i
3.99574 + 0.177145i
-1.44443 - 6.12726i
2.68566 - 4.13826i
-4.19824 + 12.4288i
-10.9517 + 8.17668i
-3.51265 - 4.4364i
1.79378 - 7.41946i
3.93205 - 0.673652i
0.139563 - 1.42682i
0.480288 + 4.48748i
1.26507 - 1.81715i
5.47179 + 2.83447i
-5.05347 - 1.08666i
-17.7966 - 2.23429i
-1.84453 + 8.59595i
12.713 - 5.3587i
2.7494 + 5.34147i
2.95942 - 3.34526i
0.230622 - 1.979i
-1.12884 - 2.22201i
-4.3468 - 0.695697i
16.5592 - 1.38369i
-4.94143 + 5.09034i
2.62705 - 4.14281i
-6.59483 - 17.5807i
-8.43313 + 2.16382i
4.12963 - 7.10266i
2.07861 - 1.90897i
5.97667 + 6.42482i
-3.109 - 5.95009i
-9.09431 - 5.38996i
14.2864 - 0.658244i
4.89524 - 6.35694i
-4.99365 - 4.62861i
-2.6287 + 1.47301i
2.88849 + 6.23353i
-5.48219 - 1.65903i
-0.586545 - 5.96811i
9.07052 - 2.82593i
1.35194 - 6.41258i
-2.38414 + 0.421136i
-0.0821537 + 1.24506i
-5.50257 + 12.4624i
7.50566 + 0.916033i
-9.33673 - 7.39492i
12.7816 + 1.79412i
-11.0301 + 9.65687i
1.55375 - 10.1758i
-5.12401 - 4.31475i
4.75788 + 0.0318385i
4.21997 + 0.479383i
3.08547 + 6.71116i
-8.66471 - 0.0056169i
-9.24991 + 2.18754i
0.734659 - 2.29394i
-2.47913 + 3.60928i
3.66157 + 4.16937i
0.122155 - 3.19186i
-1.46346 + 0.124012i
-1.01869 - 4.19669i
4.98452 - 7.80903i
-0.980517 + 5.35896i
2.43275 + 4.68714i
5.55728 + 1.74826i
-5.84309 - 5.05596i
-2.12012 + 6.95855i
-2.16657 + 0.676446i
3.24529 + 0.890523i
-4.55705 - 1.5933i
-0.973807 + 4.03336i
-2.37664 - 4.50549i
-6.22476 + 4.97498i
-6.67744 - 1.56846i
0.247895 - 1.25078i
-3.59494 + 5.79846i
-5.37092 + 8.16939i
-4.50727 + 0.847701i
8.24231 + 9.82459i
-2.13683 - 3.1552i
6.11873 + 1.39354i
-1.39917 + 5.51755i
1.97914 - 2.63087i
-3.13571 + 3.61976i
-5.59486 + 0.248638i
-4.59628 - 9.66457i
-2.13917 - 6.81782i
11.7601 - 8.80722i
-2.88736 - 7.10159i
-2.94094 - 2.04606i
-1.46433 + 3.581i
5.59062 + 8.43365i
5.43202 - 7.44074i
1.5461 + 2.44775i
3.7081 - 7.6233i
2.30653 + 11.772i
-6.59272 - 1.06085i
-1.25537 + 8.81477i
2.78059 - 1.08531i
2.63859 - 6.73561i
2.36392 - 7.66973i
5.37192 - 1.36396i
0.312972 + 4.94883i
6.65188 - 7.20615i
1.75276 - 4.17689i
