//czasowy przebieg sygnalu
2.77086
2.74105
3.09927
2.76974
2.92583
2.76274
2.92473
3.10557
3.06667
2.83332
3.06606
3.18249
2.77773
2.9931
2.87876
2.77161
3.22561
2.83387
3.13951
2.91747
3.07727
2.98462
2.86366
2.88889
3.13389
3.23213
3.14563
2.79686
2.99914
2.89595
2.96991
3.1562
2.82099
3.16843
3.14351
2.95013
2.85771
2.77941
2.83829
2.7243
2.85196
3.00883
3.07911
2.90166
2.7012
3.28829
3.22149
2.96524
3.15647
2.84123
3.02674
3.11886
3.17892
3.23581
2.97085
3.11271
3.11282
3.18688
3.05769
2.93865
3.03925
3.1093
2.85518
2.95925
2.87757
2.93419
2.95424
2.84187
3.11585
3.03203
2.79826
2.77408
2.99264
3.14377
2.89861
3.0837
3.29689
2.84038
2.9464
2.7641
3.0434
2.71444
3.25607
3.03856
2.95134
3.2825
2.9562
3.2418
3.08452
3.0081
2.85998
3.13288
2.97956
3.00787
3.19558
3.05396
3.16923
3.10321
3.0869
2.85228
2.92695
2.72034
2.86904
3.1678
3.17921
3.11616
2.77559
2.72312
2.73841
2.89793
3.0245
3.13109
2.70055
3.1648
3.23917
2.88023
3.29224
2.9532
3.19807
2.91562
3.06628
2.99019
3.1079
2.7928
2.75134
2.83597
2.93642
2.94244
3.03254
2.78778
3.18531
3.10955
2.99641
3.12207
3.15868
3.09579
3.08101
2.80999
2.92021
2.91318
2.99999
3.05815
3.2843
3.19231
2.96868
3.20184
3.05193
2.76271
2.81003
3.01836
3.1623
2.89348
3.2336
2.77161
3.10666
3.10809
3.27665
2.89004
3.12975
3.14212
2.88461
2.82695
2.89405
3.17345
3.04444
2.75468
3.14635
2.80954
3.01548
2.82962
3.08931
2.77689
3.22641
2.94821
3.23785
3.13701
2.75313
3.23905
3.25038
2.78069
2.98184
2.94767
2.80383
3.24628
2.85412
3.13608
3.06841
2.87763
3.0805
2.77692
3.1766
2.99275
3.01088
3.20852
3.19892
2.9332
2.97058
3.24477
2.88226
2.91832
3.24906
3.0372
2.79029
3.15693
3.05246
3.12117
3.01949
2.85123
3.19725
3.15314
2.71923
2.96746
3.09012
3.2386
3.16383
2.8672
3.12372
2.81025
3.03163
3.15765
2.92347
3.03546
3.07526
3.11174
3.03859
3.026
3.25951
3.20583
2.82063
3.21365
3.07222
3.13666
2.95631
3.00972
2.76104
2.92827
2.79377
3.04493
2.81834
3.07691
2.80524
2.71576
3.1735
3.03408
2.979
3.08916
3.01189
2.70647
3.23045
2.81937
2.76073
2.9818
3.05741
2.75042
2.98224
2.78374
3.04133
2.78679
2.97012
2.92424
3.02866
3.19921
2.86419
3.05896
2.98366
2.8993
2.98951
3.13089
2.96693
2.99037
2.9111
2.87386
2.98843
3.27936
2.94787
3.27794
3.15926
2.71434
3.22826
2.82938
3.20064
2.89506
3.14246
3.20839
3.06289
3.05798
3.09911
2.90725
3.12729
3.15146
3.07817
3.00147
2.79378
2.79284
3.14913
3.08356
3.06724
3.01641
3.23579
2.98568
2.70574
3.0936
3.05659
2.78083
2.95317
3.01899
2.94066
2.70434
3.02719
2.82584
3.15641
3.11565
2.82937
2.89417
2.98988
3.12652
3.02624
2.98614
2.79036
3.10667
3.09517
3.11336
2.91676
3.18547
2.75855
2.97822
3.04504
2.88019
2.70856
3.29759
2.90251
3.10022
2.85123
3.07398
3.25482
2.82497
3.28679
3.07708
3.1149
2.84632
3.23035
3.22892
3.1175
2.71012
3.13072
3.12368
2.90497
2.95446
3.05775
2.7707
3.17173
2.89622
3.2564
3.27045
2.98791
3.07558
3.11332
2.89794
2.9684
2.84717
2.82502
3.01287
2.72018
2.7623
3.09241
2.90464
3.09474
2.88362
3.05386
3.07126
3.00443
2.8147
2.94433
3.03814
2.7803
2.94486
3.29042
3.23938
2.71486
3.16034
3.10543
2.73371
2.8474
3.22503
2.85708
3.17932
2.80475
3.28165
2.907
3.20883
3.00359
3.24661
3.07845
3.11835
3.06896
2.89188
2.71371
3.0423
3.09689
3.04099
2.92301
3.05729
3.00712
2.84901
2.99073
2.93663
2.81364
3.24293
3.05155
2.85981
2.81797
3.19799
2.80208
2.79778
2.79617
2.87151
2.86574
2.86427
2.9006
2.82836
2.7969
2.82094
3.06495
3.23224
3.24062
2.78028
2.9693
3.29625
3.16145
2.78146
2.97024
3.13942
2.74163
3.17598
3.08547
2.9796
2.87397
3.0008
3.02277
2.90697
3.21159
2.80659
3.17056
2.93215
2.82435
2.85035
2.7489
2.86189
3.20741
3.03006
2.797
2.77852
3.02278
2.95931
2.7201
3.03456
3.26845
3.12805
3.23279
3.03348
3.04377
3.09274
3.19235
3.07079
2.76098
2.83042
3.12755
3.13934
3.24658
2.85199
3.19196
3.11064
2.82334
3.08064
3.19799
2.97298
3.09693
2.98569
3.24199
2.96168
3.04287
2.73384
2.70075
3.29058
3.17387
2.7056
3.25062
3.15597
3.1269
2.7413
3.05982
2.80399
3.11015
2.75243
3.09798
3.03537
2.83944
2.8659
3.09211
3.29013
2.91722
2.92977
3.22975
2.93327
2.87009
3.03056
2.82414
3.16691
2.97352
3.10439
3.22151
3.07061
2.87765
3.04634
3.03894
3.02164
3.09135
2.89089
2.77018
3.1679
2.79943
2.75096
3.18244
3.2744
2.79835
3.2429
2.75582
3.01816
2.89541
3.05246
3.11819
3.00892
2.97511
3.17168
2.70854
2.88826
2.75332
2.74741
2.98315
2.96771
3.12519
2.77862
3.19998
2.8382
2.94033
2.88514
2.93946
3.02243
3.03308
3.15287
3.11768
2.753
2.72595
2.73414
3.24728
3.14998
2.85307
3.20518
3.08393
3.23686
3.21984
2.82654
3.29835
3.24684
2.99973
3.00585
2.85539
2.78331
2.86829
3.08347
2.9868
2.81455
3.16124
2.78836
2.84395
3.14608
2.85006
3.19606
3.2268
2.96666
2.92863
2.83113
3.2076
3.08922
3.00553
3.06149
2.91931
2.79216
3.0311
3.04891
2.84581
3.05024
3.04844
2.95301
2.90515
3.01347
2.81774
2.72804
2.83607
3.05868
3.14132
2.99928
3.23834
3.14274
3.22302
3.107
2.89939
2.91869
3.10613
2.70374
3.08376
2.90246
3.04655
3.21687
2.94787
2.89903
2.81453
3.12788
2.87528
2.96175
2.83847
3.07381
2.88285
2.7025
2.83602
3.20993
3.09976
2.93283
3.13629
2.98832
2.97246
3.22809
2.82421
2.72977
3.01252
2.91055
3.06966
3.11871
2.98514
3.04674
2.95086
2.78996
2.96442
2.99135
2.92699
2.99998
2.83229
2.98997
3.05808
2.97046
2.7739
3.14355
2.87867
2.95644
2.82709
3.22395
3.00082
2.99979
3.25384
3.28806
2.70397
3.05842
2.74122
3.23317
3.23312
3.15461
2.92493
3.07002
3.02244
2.94036
2.74864
2.86087
2.85596
2.99577
2.96246
3.27755
2.77437
2.90088
2.88435
3.05706
2.84622
2.90899
2.81338
3.02886
3.01122
2.77251
2.97317
2.86771
3.10016
2.87875
2.82485
3.1054
2.94939
2.7154
3.07237
2.93882
3.28206
3.24481
3.23733
3.16944
2.99867
3.0557
2.72292
3.29918
3.16963
2.88629
3.10214
2.85914
2.89291
3.02595
2.96844
2.99662
2.80138
2.86245
2.82043
2.93192
3.01821
2.98579
2.99543
3.08529
2.91243
2.93953
3.06752
2.76796
2.87175
2.8387
2.91499
3.16491
2.95313
2.81741
3.25118
2.72061
2.94145
2.90949
2.84043
2.89786
3.19275
2.93088
2.90972
3.25132
2.70488
3.1637
3.1682
2.7142
3.15681
3.26251
2.88767
3.10784
3.06177
3.02723
2.93426
2.85923
2.82635
3.12064
2.75976
2.9693
2.97676
2.87583
3.00722
2.87142
3.19588
3.16887
3.27201
2.97697
3.1611
2.9383
3.20714
3.07385
3.17833
2.74572
2.8117
2.87086
2.92535
3.13139
3.17386
3.07786
3.16746
3.12144
2.806
2.76726
2.79009
3.1166
3.1769
3.10237
2.74109
2.94188
2.95276
2.91326
3.19132
3.07996
2.73747
2.82719
3.19264
3.25569
3.20453
3.12185
3.10518
3.25068
2.744
2.88255
3.02025
2.74188
2.88614
3.00756
3.13435
2.90684
2.85362
2.86914
2.71961
2.83977
2.76472
3.20088
2.89661
2.94084
2.94041
3.24589
3.22348
2.92189
2.93008
3.01814
2.83908
3.06353
3.00982
2.85376
3.24638
2.82314
3.00322
3.1311
2.70346
3.24272
2.83016
2.7927
2.95837
2.95926
2.71417
3.03054
3.12283
2.77459
2.88853
3.24907
3.0064
3.01515
2.75367
2.97659
2.74157
2.72636
3.03361
2.85085
3.16795
2.94665
2.89597
2.80026
2.78788
2.83756
3.1603
2.78795
2.71051
3.00069
3.01351
3.18974
3.13907
3.02661
3.03839
2.84117
3.26023
3.24515
2.82041
3.13869
3.10626
2.98016
3.06064
3.25718
2.73328
3.11913
2.74488
2.87737
3.12074
3.2289
3.27173
3.12943
3.05716
2.70144
3.10455
2.92633
2.80949
2.84409
2.71965
2.84305
2.88249
3.02414
3.23051
2.70807
2.80803
2.79978
3.14215
3.22109
2.77166
2.99025
3.21231
3.14564
3.15779
2.83156
2.95707
3.0406
3.21049
3.00296
3.02461
2.88068
3.28669
2.84945
3.24629
3.11378
2.98147
2.70908
2.8046
2.99403
2.98932
2.87267
2.73171
2.94325
2.94891
3.06202
3.06815
3.06486
3.16988
2.79118
3.18225
3.23475
3.28497
2.86136
3.17072
3.0611
3.0849
2.96905
3.16652
3.09128
3.1623
3.13363
2.94103
2.8988
2.89431
3.06178
2.90527
2.88874
3.04379
3.07483
2.88453
2.86857
2.7444
2.77487
2.81757
2.93166
2.78788
3.05497
3.04909
3.1582
2.97803
3.1315
2.89458
2.79155
2.88109
3.08453
3.02427
2.80097
2.89289
3.03248
3.0506
2.79909
3.15022
2.7253
3.22434
2.97319
3.0365
3.17154
2.90593
3.16325
3.23447
3.06581
3.27811
2.87588
2.84581
3.19778
3.07668
2.89426
2.83476
3.15591
3.21188
2.75984
2.71964
3.04906
2.9621
2.70892
3.08033
3.13483
2.9198
2.99457
2.91454
2.95786
2.92989
3.00827
2.74502
3.18005
2.8345
2.7799
3.15406
2.84165
2.87623
3.20586
3.26252
3.07958
3.08204
3.12334
2.93695
2.9609
2.98677
3.07497
3.2575
3.15276
2.74058
3.1614
3.12091
3.01643
2.89656
2.86686
2.78897
3.06222
2.92511
3.23008
2.70007
3.03409
3.05651
3.10874
3.11662
3.15407
3.22053
2.91993
2.87403
3.19138
2.84204
3.10193
3.11795
3.10133
3.15549
3.12387
2.8378
2.81467
2.80306
2.9593
3.09238
2.9182
2.94408
3.15721
3.16922
3.21646
2.80462
3.17323
2.87459
3.05648
3.10927
3.0211
3.20134
2.81145
3.17482
2.95237
3.10043
2.85687
3.00169
3.09707
3.0611
3.24307
2.89009
3.24453
2.93158
2.95665
2.7096
3.13899
2.80607
3.22238
3.19399
3.14141
3.26237
3.07463
2.92107
3.04171
3.22047
2.9939
2.89433
3.23105
3.07889
2.87236
2.99318
2.97004
3.13389
3.27806
3.04579
2.98228
2.91108
2.98888
2.93378
3.23517
3.01207
2.7401
3.12577
2.7722
3.16297
2.93518
3.18796
3.26899
2.96748
3.11149
2.94148
3.17414
2.9761
2.94173
3.06805
2.90682
3.18716
3.20032
2.9618
3.28099
2.90558
2.70729
2.73366
3.12002
2.70734
2.93316
3.05802
3.25067
3.03685
2.71321
3.22712
3.06659
3.13382
2.7134
3.28995
3.26146
2.92357
3.25964
3.12332
3.16151
3.29715
2.74154
2.95105
2.95931
2.96782
3.06365
2.97732
3.09838
2.81511
2.95941
3.15462
3.01918
2.76149
2.78331
3.26277
3.07673
3.29933
3.09243
2.84819
2.80364
3.12021
3.11581
2.99868
2.97897
2.74708
3.0668
2.99145
3.15201
3.27693
3.12611
3.02026
2.72171
2.74645
3.22539
2.9841
3.15848
3.00293
3.1166
3.18042
2.79691
2.95452
2.83951
2.79679
2.7062
3.17991
2.95672
3.27291
2.7348
2.81741
2.86159
3.02698
2.76834
2.81763
2.90606
2.96952
3.22178
2.8946
2.79842
3.09907
3.25286
3.18851
2.88804
3.02762
2.93005
2.99417
2.90278
2.96897
2.82146
2.92158
2.77474
3.24616
3.06201
2.94341
3.17341
2.98926
3.23941
2.95444
3.06679
2.71851
3.28637
2.7852
2.86105
3.16815
2.73282
2.90005
2.89306
3.26265
3.11053
3.10783
2.81782
3.26064
2.96604
3.23909
3.0246
3.05881
2.90932
3.09684
2.97006
3.11495
2.95323
3.05017
3.13205
3.13657
3.25173
2.84534
2.99471
2.71773
3.19956
2.76392
2.909
3.13573
2.72254
2.74775
2.8505
2.70854
2.99967
3.11672
2.71644
2.89338
2.88403
2.89976
3.1678
2.86088
3.00853
2.86062
2.9415
2.89529
2.99648
2.74271
2.96323
3.24019
2.80532
3.29636
2.98035
3.03985
3.00226
3.05341
3.00535
3.14664
3.10725
2.88887
3.27749
3.0826
3.05091
3.00009
3.26358
3.16295
2.90816
2.80365
3.27467
2.95468
3.05483
2.81783
3.03813
3.23963
3.08072
2.8632
2.87436
3.28555
2.70937
3.06378
3.00241
3.28455
2.97796
2.73921
3.09255
3.15723
2.97215
3.01154
2.97416
3.14539
2.91942
2.83665
2.81544
3.00996
3.15384
2.87463
2.93702
2.96341
3.15587
2.94724
3.27561
2.87119
2.7565
2.99748
3.09576
3.04332
2.85237
3.1055
2.8175
2.95976
3.24492
2.98278
3.16016
3.17127
2.87576
2.97489
2.81369
2.99189
2.9226
2.8385
3.24037
3.12138
2.98875
2.70894
2.95974
2.84936
2.91245
2.8581
2.75013
2.79211
3.16296
2.7525
2.99465
3.16358
2.98086
2.83412
3.04101
2.73593
3.08502
2.86689
2.84039
3.00427
2.92792
2.96842
3.0985
3.14442
3.17951
3.13469
2.96317
2.7543
3.2463
2.87869
3.28698
2.79277
2.79923
2.92865
3.00113
3.20136
3.22368
2.98527
2.91157
2.71039
2.78954
2.87877
2.77213
3.07481
3.09652
2.80288
2.97301
2.96849
3.1555
3.2462
2.99304
2.85487
3.01744
2.88798
3.10525
2.88879
2.85902
2.76504
2.87354
3.18679
2.79348
2.82575
3.22211
3.10397
3.27182
3.28962
2.75713
2.83041
2.75116
2.98298
2.96301
3.03407
3.01649
3.19576
2.88024
2.84788
3.1043
2.80808
3.14198
2.92385
3.09182
3.05867
3.02882
3.15415
2.819
3.0026
2.97205
2.98157
2.92503
3.28097
3.02934
3.00193
2.92229
2.93766
2.76636
2.94698
2.98412
2.97336
3.22666
3.06474
2.79558
3.00767
2.73475
3.1406
2.94885
2.72435
2.79783
3.07029
3.1273
3.04235
3.21418
3.13347
3.11763
2.88872
2.9134
3.02499
3.06303
2.71947
3.23782
3.00273
2.8621
3.29898
3.05811
3.1639
2.90682
2.89028
2.72756
2.7734
3.1392
2.7502
2.85623
2.93431
3.07589
3.05184
3.18209
3.20866
3.07163
3.07675
3.13412
3.08996
2.963
2.75154
2.94133
3.0955
2.81371
3.19378
2.70137
3.05784
2.91972
2.9596
2.85222
2.77153
2.83382
3.24894
2.78292
3.1878
2.87198
3.27331
3.02353
2.89754
2.95798
3.03973
2.87143
3.09918
2.76421
3.21266
2.72934
2.86394
3.189
3.2964
2.85045
2.77295
2.8914
2.91242
2.8663
3.16098
2.87017
2.94505
2.96308
2.75754
2.95858
3.15738
2.89524
2.95032
3.23681
3.14765
2.74568
2.81576
2.95968
3.29153
3.01873
2.93218
3.05344
3.23575
2.90172
2.98603
3.10197
3.06783
3.00979
2.7901
2.81896
3.07368
3.01552
2.75445
3.07595
3.16934
3.08416
3.18126
3.06017
2.75464
3.11259
2.89406
2.8594
3.07143
3.26862
2.75772
2.71253
3.22124
3.0804
3.23825
2.94122
2.81024
2.88341
2.91351
2.71316
3.07905
2.73113
3.15018
2.78373
2.78087
2.99929
2.97374
3.11623
2.8917
2.75686
2.70198
2.87916
3.02411
2.83693
3.03528
3.09516
3.15768
2.89127
3.07964
3.09473
3.25113
3.25316
3.08548
2.95069
3.00382
3.02816
2.81502
2.73716
2.78865
3.08334
3.04364
2.84438
3.18547
3.12469
2.99615
2.86681
2.86468
2.96863
2.93632
2.85267
3.21797
2.93706
3.22633
2.7199
2.87757
2.96268
2.84382
2.87753
3.06363
2.89515
3.2464
3.04985
3.12387
2.80906
2.89559
3.13934
3.23817
2.74818
2.70086
3.17079
3.0747
2.83335
2.93205
3.17766
3.10617
2.74019
2.93773
3.16275
3.11083
2.9572
2.71951
2.71884
2.84493
3.0696
2.89913
2.97465
2.72543
2.90066
2.82402
2.83705
3.20083
3.12775
2.82373
3.02963
3.10373
3.27274
2.98679
3.09969
3.19035
2.9417
3.02503
2.90042
3.18855
3.00204
3.23841
2.77897
2.74648
2.77622
3.07578
2.78854
3.08546
2.96825
2.75729
2.79214
3.05628
2.87379
3.18738
3.00724
2.9565
2.80386
3.0248
2.9894
3.23395
3.28178
3.24152
3.04733
3.16476
2.71538
2.71401
2.84006
2.98406
2.85876
3.06579
3.06824
2.9188
2.76729
3.19747
3.01667
3.09162
3.01003
3.26357
2.81702
3.03464
3.08892
2.844
3.22712
3.05234
3.16931
2.90422
3.0186
2.96341
3.00466
3.14616
2.99679
2.85372
3.0681
3.14974
2.99714
3.01756
3.2683
3.06663
3.13838
2.88866
3.16892
2.98519
2.8659
2.98235
2.85713
3.19672
2.80874
2.75121
2.90424
3.1585
3.02441
2.89261
3.07733
2.73812
2.82325
2.90665
3.0665
2.97704
3.09406
2.80937
2.74379
3.15287
3.2909
2.90523
3.09799
3.11131
3.0495
2.83993
2.82938
3.22136
2.89828
3.08987
2.87724
2.92534
2.81186
3.29827
3.21382
2.93576
3.08263
2.88799
2.99791
2.7741
3.06014
2.9892
2.95447
3.21908
2.88195
2.76419
2.90439
3.24239
3.15102
3.02787
3.23442
2.90122
3.02608
2.90649
2.85928
3.25071
3.02477
2.9242
3.01084
2.82186
3.08571
2.79694
3.10239
3.15183
2.95807
3.06931
2.73386
3.13865
2.93787
3.07592
3.21471
2.80123
3.09424
2.96447
3.18517
2.90449
3.27726
2.89858
2.99371
3.03594
3.29202
2.90899
3.14142
2.89174
2.75946
3.2068
3.11659
2.9271
2.94099
3.10793
2.86308
3.16728
3.11434
3.12191
3.1667
2.70489
2.80596
2.89621
2.8679
3.07695
3.05343
3.28128
3.14962
3.21418
2.84669
2.76978
3.05854
2.94852
2.84224
3.07654
2.88298
3.24784
3.17292
2.7303
2.72811
3.15406
3.15174
3.28267
2.93648
2.96063
3.08772
2.98905
3.18931
3.26885
2.94394
2.83697
2.8834
3.00636
3.20611
2.91231
3.05907
2.80774
3.26798
2.9916
3.26854
3.08178
2.74369
2.89055
2.73791
3.14714
2.86084
2.7073
3.2859
2.97604
3.19569
2.71569
3.0207
2.79243
3.07143
3.01945
2.96733
3.19182
3.15681
2.81647
3.20302
3.16861
3.09188
3.19322
2.82215
2.7038
3.16784
3.12366
2.83337
2.94624
2.8757
3.1145
2.87176
3.25615
3.17456
3.25388
2.73823
3.12276
3.27644
2.86975
3.20708
2.7655
3.06529
2.80094
3.26329
2.89808
3.06307
3.12682
3.16643
2.71218
2.84584
2.77874
3.278
2.99797
2.80545
3.1764
3.1566
3.09258
3.06754
2.76916
3.02994
3.05682
2.92183
3.06113
2.81413
3.15452
3.0992
3.00069
2.95073
2.76036
2.97651
3.02515
3.14939
2.91465
2.95192
2.70311
2.86236
3.22754
3.19489
2.72075
3.10604
2.70048
2.74045
3.19776
3.14002
2.91801
3.0304
2.95804
3.24064
3.08568
2.79005
3.0066
2.96809
3.08556
2.99951
3.00048
3.21647
2.8103
2.85571
2.86971
3.23654
2.93274
2.82571
2.91474
2.9084
3.20504
2.90053
3.22094
3.10675
3.12343
3.08239
3.11711
2.80446
3.28691
3.26738
2.93725
2.88231
2.89649
2.72053
2.87892
2.86411
2.95151
2.82658
3.06341
2.74118
2.74022
3.27893
2.90286
2.90191
3.24173
2.8806
2.73342
3.0449
2.99494
2.90635
3.05259
3.11107
2.86227
3.19759
3.25675
3.28107
3.11878
3.07588
3.13517
2.90066
3.27774
3.20736
2.74231
2.92821
2.81495
3.10771
2.85984
3.17719
3.16979
3.03529
2.79846
2.89933
2.86276
3.09413
2.76083
2.74963
2.91661
2.89942
2.74086
2.97252
3.1909
3.19073
2.89738
2.81968
2.79272
3.18746
3.10888
3.15751
2.80232
3.00499
3.13622
3.29311
3.02438
2.97833
3.19265
2.7853
2.81667
3.20901
2.88859
2.76162
3.19373
3.11699
3.29598
3.11245
2.72523
3.15464
2.76331
2.87939
3.22743
2.78959
2.75446
3.1688
2.96171
3.23647
3.29138
2.97817
2.8388
3.25059
2.85506
2.85977
2.96379
2.87837
2.86904
2.93919
3.17055
2.84553
3.14252
3.11565
3.10813
2.821
2.7915
2.71713
2.83031
2.7812
3.28263
2.94549
2.84941
3.00265
2.80159
2.9779
3.22438
3.12356
2.78004
2.90623
3.24282
2.85921
3.02904
2.85065
2.7608
3.14609
2.88008
2.8558
3.14203
2.81539
3.23605
3.28547
2.99794
3.06369
3.09468
2.88657
3.13048
2.9452
2.72314
2.98997
2.92766
3.13486
2.74769
2.76242
2.906
3.28743
2.94208
2.97056
3.07053
3.04234
2.89232
2.86243
2.93951
3.10271
3.15185
3.15585
2.87071
2.84971
2.76721
2.84769
2.91498
3.01031
3.02775
2.95617
2.76175
2.9328
3.17119
2.97718
2.98746
2.98292
3.01683
2.72042
2.9142
3.17849
2.76048
2.89944
3.28692
3.18298
3.05026
3.29405
2.79769
3.06342
2.97385
3.20016
3.10027
2.84538
2.86551
3.15883
2.931
3.01715
2.85351
3.00822
2.79524
2.97748
2.81048
2.99133
2.95207
3.2952
3.21246
2.85839
3.19836
2.70473
2.98398
3.13886
2.82297
3.15674
2.9806
2.90594
2.95848
2.86448
3.05683
3.0316
2.83657
3.22857
3.18042
3.24062
3.20154
3.22538
3.05435
2.88023
2.89484
3.13749
2.77409
3.11864
2.7172
2.89893
3.05717
3.12723
2.85008
2.80034
3.0442
3.2348
3.23905
3.25059
3.12284
3.26691
2.91739
3.24521
2.95732
3.11189
2.85238
3.10764
3.06973
2.88057
2.76155
2.80539
2.88092
2.7906
3.03443
3.01272
2.79243
2.89195
2.74031
3.06131
2.99085
3.22942
3.25633
2.76198
2.8574
3.16496
2.81273
2.87831
3.10504
2.7645
3.039
2.81784
2.96541
3.13374
3.27198
2.75117
3.27618
2.87659
3.20588
2.88094
3.01108
2.96282
2.71196
2.80892
2.9465
3.26144
2.97524
3.21157
3.04812
2.90555
3.02824
3.16552
2.97006
3.21244
3.09164
3.16241
3.12746
2.92849
2.84156
3.01425
2.76875
3.15701
2.98524
3.21118
2.90778
2.82078
2.77212
2.9942
3.23907
2.76685
2.82027
3.21172
2.87949
3.26939
2.94291
2.71021
3.24192
2.74543
2.81141
3.26405
2.91775
3.03927
3.02735
2.72107
3.03206
2.9269
3.17621
3.15508
3.23626
3.05421
2.83017
2.95013
2.76937
2.89706
2.77857
2.82105
2.98065
2.91321
3.00757
2.83264
3.03688
2.81768
3.26879
3.14642
3.16419
3.15354
3.15772
3.2513
3.164
2.86436
3.28457
3.1732
3.2635
2.85423
2.88277
2.75925
2.99313
3.17769
2.80214
3.06294
2.9437
2.92354
3.28896
2.78549
2.86309
2.97582
2.95342
2.81669
3.26408
2.83233
2.88643
3.22882
3.23685
2.97006
3.00041
3.09158
2.96789
2.93623
2.80318
2.73386
2.85756
2.83057
3.17797
2.97975
2.8143
3.04727
3.13326
3.27343
2.76036
3.12714
3.04073
2.89992
3.12024
3.02174
3.00023
2.77165
2.89256
2.81423
2.81342
3.14242
2.75824
2.79394
2.73143
3.03685
3.04932
2.89412
3.05596
3.11523
3.02236
3.0089
3.15044
3.1241
2.91628
3.24964
2.91242
3.18308
2.82349
2.96473
2.93761
2.78208
3.23348
2.7857
2.96654
2.9383
2.89425
2.83927
2.73658
3.03443
2.94868
3.28191
3.29007
2.75204
3.08059
3.17929
3.2298
2.88733
3.05533
2.9668
2.72017
3.06348
3.21549
2.85396
3.1749
2.91407
2.85632
3.18599
3.12892
3.0375
3.2135
3.07082
3.07041
2.84974
3.2703
3.22053
2.97646
3.10206
2.92887
3.24098
3.07899
2.78856
3.00838
2.76563
2.90384
3.15391
2.85203
2.80496
3.17821
3.15738
3.02594
3.09794
2.77751
2.93138
2.91473
3.24438
2.73332
3.21454
2.97573
2.9688
2.93443
2.71199
2.82406
3.14766
2.93282
3.1115
2.88302
2.83476
2.9741
2.86363
2.84988
3.03815
2.98268
3.20041
2.99978
2.72618
3.17076
2.75345
3.26976
2.79647
2.88627
2.84312
3.04997
2.90834
3.22657
3.2182
3.02001
3.0259
3.20516
2.79261
2.99597
2.97444
2.74681
2.77863
2.83139
2.93193
3.24407
3.05978
2.90708
3.03609
3.00864
3.26199
3.28593
2.76571
3.11371
3.18928
3.27079
2.94504
3.06455
2.72663
3.01175
2.71287
3.24354
2.76622
2.94662
2.94388
2.95325
2.97208
3.01005
2.92238
2.94684
2.74828
3.02393
3.0756
2.90156
3.03923
3.16031
3.11431
2.95864
2.8413
3.27626
3.00029
3.03758
3.14958
2.98471
3.18744
2.70155
2.95125
2.89339
3.22129
2.76293
2.89392
2.71077
3.15489
2.88733
2.78471
2.92414
2.78493
3.14352
3.15805
3.15604
2.99688
2.89181
2.77059
2.82732
3.0416
2.93031
2.87037
3.11773
3.20235
2.78791
2.9918
2.99207
2.85001
3.21755
3.09332
2.90145
3.02108
3.05871
2.75034
3.12133
3.05925
2.91336
3.16417
3.22321
3.27125
2.76954
2.74524
3.16081
2.93879
3.04091
2.8003
2.93756
3.06881
3.14338
2.885
2.87579
3.058
2.8806
2.84818
3.17107
2.96735
2.86596
3.07304
2.98914
2.8722
2.75965
3.02054
3.03496
2.88607
2.76937
2.86954
2.97181
3.25237
2.76732
3.2072
2.78549
3.02171
2.91575
2.76027
2.99315
3.2168
2.95104
2.93874
3.18303
2.82125
3.01231
2.8751
2.73093
2.91418
3.28573
3.02595
3.02011
3.15626
3.05529
3.06031
3.14183
2.80699
3.20984
3.25758
2.85987
3.08438
3.11881
2.7824
2.92898
3.02282
3.10504
2.91414
2.79677
3.19541
2.74667
3.25141
3.28053
3.15175
2.91171
3.1658
2.92685
2.76385
2.91429
3.00247
3.11337
2.9035
3.22847
2.8948
2.94385
3.24074
3.11987
3.0747
3.16261
3.1695
3.13303
2.71679
3.1889
2.97758
3.11144
3.14761
3.05421
3.25625
3.04036
2.72585
3.04146
3.18268
3.0093
3.04549
3.18935
3.15578
2.90564
2.76048
2.95855
2.85474
3.11736
2.96756
3.26796
3.22895
2.92332
2.87546
3.01027
2.88466
3.28544
2.90518
3.12455
2.81018
3.10048
2.81966
3.09106
3.15201
2.71613
2.72686
3.20611
2.76103
2.86607
2.90281
3.05366
3.24044
2.81584
3.11303
2.74997
2.90008
3.17368
3.16662
2.72069
2.88154
3.17077
3.00263
2.74603
3.23498
2.81761
3.10218
3.01182
3.28195
2.80519
3.1564
2.91434
2.93706
3.12856
2.80151
2.70405
3.04651
2.71585
2.94764
3.16343
2.98666
3.15041
3.02694
2.96783
2.85563
2.92745
3.09137
3.17149
2.7714
3.02208
3.10194
3.1673
3.26897
2.89244
3.07487
2.91019
3.15919
3.01847
2.76525
2.92112
3.07058
3.19238
3.195
3.13369
2.97406
3.08994
3.22352
3.24067
2.81887
2.7405
3.0049
2.94984
2.91846
3.14348
2.77666
3.21411
2.95116
3.00372
2.75179
3.25595
2.9019
3.03909
2.96104
2.98716
2.90566
2.77592
2.90711
2.79269
2.91329
2.89906
3.14141
2.99034
2.90526
3.08514
3.13303
3.10695
3.09064
3.22031
2.91826
3.07016
3.02035
2.7211
2.97595
3.07889
2.91082
3.0447
2.89897
2.765
2.85672
2.93082
2.78456
3.19455
2.85378
3.1708
3.08963
3.29432
2.90286
2.80049
3.25415
3.19129
2.88856
2.77337
2.9595
3.09574
2.9804
2.8708
2.96855
3.00153
3.27312
2.98353
2.99674
3.27495
3.18309
3.21582
3.20057
2.84205
3.18263
2.89989
3.21635
2.90056
2.89165
2.85981
3.0707
2.87961
3.05845
2.86427
2.90657
3.15136
2.89072
3.12377
3.17195
3.04962
2.82326
2.99361
2.86683
2.99201
2.93349
2.85645
2.85377
2.85562
2.99939
2.86697
2.9906
3.28529
3.29585
3.01984
3.16196
3.24056
2.9452
3.26719
3.05193
3.18615
3.17335
3.11187
3.0614
3.09914
2.87312
3.19016
2.87245
3.11671
2.95439
2.93667
3.00693
3.21086
3.2666
2.82321
3.26652
2.85697
3.17003
3.09886
2.9062
2.84353
2.88789
3.29163
2.87994
2.87455
2.90447
2.80126
2.92537
2.95146
2.71222
2.93437
2.76514
3.099
2.97669
3.23462
3.17312
3.05233
3.12013
2.9939
2.8118
2.72218
3.11384
3.06813
2.75383
2.79916
3.11401
2.94779
3.18048
2.87165
3.25273
3.21676
2.82129
2.81496
3.16048
3.1014
3.11086
2.86485
3.10414
2.73798
3.19332
3.20935
2.89899
2.89683
2.75822
2.9602
3.09377
3.0683
2.92513
3.25553
2.98805
2.93466
3.09382
3.07226
3.08674
2.77386
3.16737
3.06779
3.18806
2.98793
3.29132
2.73393
2.71003
2.81032
2.88179
3.15752
2.86162
2.85227
2.93937
2.7905
2.76825
3.11854
2.92437
2.88467
3.14676
2.86381
2.87231
2.77466
2.99179
2.99832
3.24878
2.83532
3.17927
2.93784
3.29954
3.05987
3.20443
2.97668
2.85603
3.24252
3.27895
3.02306
3.02554
2.92421
2.78134
3.03708
3.06546
3.0642
3.13369
2.89198
2.80107
3.02439
3.1883
3.05954
3.06117
2.88493
3.00329
2.82223
2.94299
2.75032
2.76052
3.20914
3.28326
3.01395
2.99156
2.7916
3.00799
2.83532
2.91056
2.92892
2.88458
3.09332
2.96036
3.00444
3.25115
2.73621
3.27951
3.10861
3.1134
2.96227
3.20451
3.04739
3.04443
2.92569
2.73898
2.80666
2.88337
2.76989
2.76639
3.04761
3.00078
3.1757
2.9615
3.06608
3.13134
2.74031
3.22559
2.867
3.26977
3.07929
3.22468
2.86444
2.92379
2.9426
3.08086
3.26467
2.82409
2.92165
2.95036
3.0341
3.27518
3.22811
2.88603
3.25167
2.9485
3.08351
3.22114
2.76821
3.1823
3.26128
3.22752
3.27156
3.16137
2.87372
3.19952
3.12499
3.02814
2.78602
2.83832
3.10365
2.89319
3.27622
3.01763
3.10761
3.05068
2.80793
3.05502
3.11312
2.92821
2.85567
3.03389
2.705
2.85568
2.95043
3.19525
3.10735
2.99869
3.17006
2.97813
3.09528
3.14831
2.82547
2.81084
3.03616
3.12294
3.15752
2.93394
2.7703
2.80444
2.80597
2.72391
2.94386
3.26242
3.27904
3.28342
3.12196
2.71882
3.04329
3.04567
3.01479
3.28263
2.80599
2.85348
3.02155
3.18757
3.22989
2.72159
3.24736
2.89025
3.07559
3.1683
2.75004
2.82945
2.82241
3.10105
2.89904
2.99724
2.8608
3.20627
2.96104
3.05761
3.1235
2.70004
2.99843
3.28693
3.02307
2.90122
2.93853
3.20314
3.07866
3.28848
2.70419
3.0937
3.07479
3.0098
3.00476
2.96085
2.88615
3.10602
2.95611
3.28856
2.91526
2.8164
3.28116
2.96559
2.70078
2.88633
3.06263
3.11444
2.80167
2.95387
3.23672
2.94577
2.83972
3.09417
2.7108
2.77771
3.15117
2.90609
3.01387
2.95008
3.24976
3.04597
2.95066
2.7122
2.99161
2.86092
3.02791
2.91203
2.90599
2.94254
3.0118
2.79751
2.97911
3.06696
2.96159
2.72183
3.25395
3.11714
2.96411
3.08116
3.29549
2.985
2.99331
3.11099
2.92535
2.86011
2.97209
2.81081
3.01127
3.06631
3.07894
2.98059
3.20053
2.84066
3.28689
3.20362
2.94165
3.00433
2.95661
2.83266
2.81531
2.78302
3.14806
3.24883
3.00708
2.93063
2.83557
2.74763
3.15793
2.93702
3.25253
3.17688
3.27341
3.18778
3.20855
2.82043
3.2116
3.0961
3.22251
2.77057
2.88139
3.13639
2.97392
3.13766
2.71353
2.98217
3.21954
2.96967
3.25829
2.74751
2.98448
2.95791
3.1796
3.01472
3.28509
3.18824
2.89781
3.08924
3.17873
3.03039
2.90363
3.07382
2.97643
3.21873
3.12043
3.06154
2.85198
2.71979
2.74196
2.73533
3.19267
2.79663
2.93618
3.14724
2.79492
3.04091
3.01286
3.14369
3.02626
3.1137
2.87235
3.23379
3.06888
2.99966
2.84196
2.86147
2.82805
2.8285
2.8358
3.21776
2.91506
3.24715
3.11436
2.90566
2.91944
3.06117
2.83206
2.8321
3.02183
3.11139
2.97828
3.00822
3.0549
2.99376
3.23045
2.94158
3.03239
3.20505
2.73733
2.98493
3.13018
2.82704
2.9483
3.21308
2.70118
2.74224
2.89757
2.7844
3.18143
2.81227
2.97571
2.92284
2.9572
3.08726
2.75334
3.22728
2.78901
2.80298
3.12291
2.79578
2.80262
2.93304
3.02949
3.11774
3.14807
3.04186
3.18478
2.75862
3.15591
3.0475
3.15053
3.11432
2.99584
2.74356
2.72629
3.25143
2.82037
3.10581
3.22416
2.87237
3.24822
2.74413
3.21624
2.92636
3.10156
3.20092
2.91286
3.08937
3.06553
2.87978
3.11131
3.01036
3.04863
2.92961
3.06118
2.91576
3.06296
2.91148
2.98888
2.98763
3.14702
2.85789
3.23465
2.98775
2.81389
2.86471
3.00607
2.86609
2.87556
2.85436
3.18003
3.11531
3.06525
2.81738
2.86091
3.20403
3.04433
3.21035
3.26485
2.83125
3.16507
2.81582
3.01601
2.92319
3.1039
2.75415
3.06815
2.84478
3.22164
3.04808
3.04334
2.70015
3.23736
2.91023
3.02708
3.26968
2.75815
2.7894
3.00179
3.02373
2.97295
2.88225
2.77246
2.74396
3.28477
2.74492
3.21222
2.94941
3.19826
2.78011
2.945
2.85584
2.84196
3.03618
2.73762
2.75755
3.02133
2.8871
2.77799
3.06517
2.90371
2.91435
3.10161
3.13691
2.84861
2.9265
3.1536
3.28796
3.1563
2.97974
3.15655
3.02884
3.13507
3.04138
2.89122
3.26206
3.2302
3.04352
3.21064
3.19357
3.17915
3.28099
2.89441
3.2013
2.88608
2.78381
2.85942
2.86886
2.86172
2.96879
2.79195
3.23092
3.20749
3.25999
2.84423
3.20992
3.09674
2.82743
2.79278
2.99435
2.77836
2.80924
3.03341
2.72987
2.93222
2.75293
2.96099
3.20881
2.92143
2.80303
3.15002
3.13545
2.97154
2.79442
2.93811
2.79972
2.94294
2.77423
3.15252
2.77363
3.18681
3.08222
2.95959
2.89289
3.25527
3.25527
3.00646
3.17375
3.15924
3.23357
2.78501
2.92289
3.26518
2.99777
2.85268
3.17254
2.97962
2.96378
3.00808
2.93611
3.2296
3.11305
3.18134
3.04849
2.92624
3.13389
3.2399
3.21794
3.1819
3.2059
3.09824
2.85987
2.82655
2.99584
2.86626
2.98058
3.00342
2.90769
3.06363
3.1681
2.74017
3.09897
3.0289
2.96237
2.88024
3.23228
3.16596
2.7655
3.14143
2.83497
3.07089
2.91576
3.21848
3.25621
2.78043
3.09926
2.8255
2.88634
2.76029
3.16511
3.07477
3.05256
3.09926
3.19116
3.27954
3.13321
3.00688
2.79827
2.9725
2.84575
3.08778
3.04114
3.0598
3.2828
3.02947
3.15034
2.81862
2.77971
2.87285
2.89277
3.29667
2.76877
2.7367
2.81738
3.26491
2.81257
2.87813
2.9407
3.01127
3.10368
2.77966
3.16191
3.23837
2.94022
3.11358
3.21181
3.24745
2.74719
3.20411
2.80043
3.03921
3.07386
3.13783
2.72935
2.98995
3.14227
2.81167
2.86469
2.85569
3.28072
2.87485
3.10241
2.88878
2.78686
2.81035
3.09583
3.16054
2.8031
3.07113
3.29676
3.07913
2.83387
2.92091
3.10913
2.88489
3.08827
3.12791
2.73203
3.25369
3.19929
3.10206
3.17798
2.81531
3.01456
3.22941
3.13082
3.15014
2.90844
3.14877
2.97259
2.98652
3.06293
2.77872
2.73019
3.29414
2.96556
3.0426
3.17679
2.7906
3.00829
2.88857
3.07431
2.76099
2.85617
2.80662
3.14994
3.03822
3.08192
3.06472
2.72458
2.98217
2.80813
3.12956
3.08984
3.08416
2.79461
2.81709
2.80671
2.97343
3.09897
3.23846
2.8471
2.97306
2.74185
3.24738
2.96374
2.79618
2.93427
2.78246
2.75743
3.06615
3.15458
2.90934
2.80853
2.79814
3.0572
2.93127
3.2771
2.71962
2.92271
2.93899
3.24246
3.11414
2.80714
2.87777
2.98333
3.01875
2.75761
2.92394
2.78629
2.88712
2.93566
3.08279
3.0617
3.2396
3.27449
2.94831
3.08444
2.94559
2.87176
3.0469
2.92083
2.7677
2.71242
3.23147
2.73172
2.79684
2.88281
3.11577
3.09096
3.23365
2.98859
2.97696
3.17758
2.83401
3.12544
2.86239
3.07699
2.85922
3.17035
3.03317
2.74586
3.03342
2.92093
3.25117
2.742
2.97853
2.71971
2.86842
3.15482
2.7856
2.80734
3.16035
3.26772
3.26949
2.85364
3.04332
2.88974
3.0645
2.94392
2.93996
2.76774
3.13025
2.87082
3.11959
3.19016
3.05354
3.02828
3.15497
3.22728
3.18504
3.13164
3.04412
3.00035
2.83527
2.95855
2.89761
3.14408
3.20934
2.9964
2.72198
3.01028
3.16236
3.18832
2.9215
2.91552
2.81513
3.21874
3.25216
3.03199
3.14628
3.06751
2.84476
2.88556
3.12636
2.99403
3.01002
2.87174
3.12125
3.2525
3.22962
3.05174
2.92542
3.19356
3.27129
2.99025
3.17613
2.84878
2.91259
3.29382
2.95396
2.85112
3.03193
3.05736
2.94713
2.76797
2.9299
2.72383
3.0839
3.06835
3.23003
2.89485
2.84833
3.12431
3.06311
2.83878
3.01985
3.20975
2.93531
2.78744
3.12242
3.20407
2.92055
3.03746
3.28814
2.86025
2.84797
3.0237
2.7082
2.99861
3.10823
3.12359
2.76144
2.9003
3.13789
3.11119
2.78978
2.91976
2.8466
2.95542
3.18354
3.04218
3.09862
3.06714
3.23662
2.97164
2.77434
3.17639
2.91308
2.93058
3.2574
2.87192
2.87565
2.99598
3.0765
2.76755
2.8225
2.76453
3.0248
3.26849
2.95449
3.00805
2.70371
3.28044
3.09058
2.99753
3.02379
3.0647
3.12842
3.2724
3.06587
2.90437
3.07607
2.93121
2.89933
2.74747
2.76829
3.2067
3.23083
2.79289
2.96346
2.75737
2.9763
3.08833
3.17159
2.93014
2.83592
3.21247
3.11425
3.09441
2.89994
3.28099
2.71059
2.95252
2.95063
2.89938
3.26961
3.12858
2.76132
2.96734
2.80004
2.73757
2.78797
2.81026
2.84129
3.00188
3.01666
3.25559
2.74273
2.95953
3.18593
3.16294
2.78926
2.88361
2.99367
3.03668
2.95862
2.78979
2.75731
3.19409
2.88619
2.70644
3.14585
3.07597
2.97441
3.02752
2.88046
2.83615
3.29659
3.27613
2.72577
2.98448
2.82929
2.92815
2.91061
3.20563
2.746
2.92156
3.18456
2.99872
2.75471
2.87035
2.82558
2.86786
2.79685
3.13786
3.06537
2.9626
3.248
2.94927
3.17435
2.97606
2.87103
3.0792
2.99397
3.2093
2.92618
2.94152
3.18452
3.05463
3.20053
3.16287
2.81249
2.8171
2.96852
2.85609
2.90717
2.9222
3.04954
3.09037
3.1384
3.10952
3.06589
2.75188
2.79636
3.28175
2.97333
3.01476
2.84617
3.22742
3.16061
2.97996
2.97876
2.85619
3.20545
2.93914
3.28754
2.8198
2.81941
2.97471
3.04322
2.88621
3.27135
3.14187
2.84476
3.28866
3.29592
3.03508
2.90303
2.94105
3.04125
3.11168
2.86111
2.93113
3.07832
3.28983
2.74496
2.77941
2.71045
3.12352
3.05484
2.7648
3.1053
2.74605
2.82768
3.26074
3.06213
2.9115
3.12667
2.78175
2.80547
3.29362
2.715
3.13608
2.70803
2.9452
3.08794
3.08607
3.09353
2.77317
3.13411
2.75451
3.17919
3.25342
3.07742
2.90144
3.23575
2.80913
2.87372
2.9165
3.04338
2.83224
2.77704
3.1212
2.95411
2.78198
2.84307
2.74746
2.81523
3.29046
//widmo amplitudowe sygnalu
 6134.3
 3.01528
 10.4428
 10.662
 3.81697
 8.08208
 5.54782
 3.04608
 2.49257
 2.64441
 4.12954
 7.60172
 2.28736
 5.11635
 4.3711
 9.46274
 1.00102
 3.69936
 3.13225
 3.06691
 8.03628
 1.34402
 6.75225
 3.20061
 3.0175
 5.35013
 7.09742
 4.52893
 8.20042
 4.06224
 5.30831
 3.38057
 5.96135
 6.76442
 11.9671
 5.89962
 4.76214
 6.61166
 5.21787
 10.9125
 9.03445
 2.57346
 7.47544
 10.968
 5.52134
 8.79301
 10.9915
 3.78304
 10.8285
 2.30379
 3.30601
 7.11953
 10.7304
 7.66056
 11.0621
 6.49893
 9.58203
 2.78711
 6.64838
 3.65086
 17.6945
 12.4219
 4.95386
 6.96766
 14.4434
 8.84144
 0.568381
 0.984192
 2.12024
 7.7642
 7.3404
 8.77829
 7.70963
 4.67607
 3.20781
 8.07528
 4.34152
 8.09127
 14.7997
 4.98782
 3.68928
 6.07283
 7.28564
 8.74676
 10.0899
 4.64559
 10.2554
 4.78144
 5.04513
 5.14213
 8.36504
 5.68445
 7.83207
 13.0746
 4.63263
 3.74866
 8.06979
 2.31094
 5.13044
 3.66563
 4.61452
 4.63034
 9.23688
 7.1752
 7.63812
 12.2352
 2.35699
 4.33302
 4.25181
 3.40502
 2.10695
 3.8968
 3.80163
 11.5075
 12.5946
 5.97496
 7.44565
 5.66017
 9.05003
 1.49076
 6.21422
 7.43672
 6.56103
 7.62611
 4.30704
 4.42735
 5.39543
 8.79896
 6.43736
 4.29792
 5.75587
 7.36122
 3.96866
 0.887803
 8.57669
 8.51618
 10.7252
 3.94784
 8.53371
 6.58373
 10.4447
 7.54357
 3.62095
 2.393
 3.87561
 5.52618
 8.26861
 10.1467
 2.60374
 7.4031
 2.91595
 3.15864
 2.50319
 3.25946
 8.92663
 1.10835
 11.4762
 7.90639
 4.4939
 2.35766
 3.20391
 0.880193
 4.47151
 9.5783
 5.20347
 1.85729
 10.5023
 2.8044
 4.84653
 18.2243
 16.2957
 6.30441
 11.6062
 9.38256
 3.38046
 5.9821
 2.9782
 4.23429
 4.94301
 1.94859
 5.50972
 6.36863
 6.22439
 10.5662
 9.83291
 3.92784
 4.48671
 6.33733
 5.75558
 7.70926
 3.27982
 10.8872
 10.0559
 12.7447
 7.51707
 3.85441
 4.93645
 2.95988
 1.83643
 10.3383
 6.97648
 7.97454
 2.96786
 3.37557
 13.507
 7.29977
 8.49638
 9.21388
 12.238
 4.89179
 2.79156
 5.8728
 7.83894
 6.54094
 18.7162
 7.1012
 4.77951
 3.8689
 4.53496
 3.47741
 5.00582
 8.63597
 8.49559
 4.67268
 7.42168
 7.91673
 8.74751
 6.17767
 5.63103
 3.55596
 8.78775
 10.4456
 8.70569
 3.04403
 3.56713
 1.54656
 5.35984
 2.97094
 5.02428
 3.8714
 5.94647
 2.7395
 6.37034
 2.91527
 4.20881
 1.00988
 8.48273
 6.5211
 10.3262
 5.1727
 3.37448
 5.38355
 6.12159
 7.71348
 1.63454
 3.92898
 10.6163
 1.74539
 6.81667
 1.62279
 6.31688
 2.82148
 11.1897
 15.6869
 6.45683
 8.1123
 6.23782
 2.31148
 2.84398
 6.70987
 5.99008
 8.0701
 3.22991
 4.89788
 8.70355
 10.2591
 6.95844
 1.22997
 10.0884
 9.17307
 6.69374
 12.7335
 5.68202
 2.37966
 8.03939
 2.78567
 8.42388
 4.64538
 6.07826
 12.0489
 1.86811
 11.3467
 6.40561
 5.52989
 2.86183
 3.48363
 5.55749
 5.94097
 11.2523
 0.520139
 6.69327
 4.80843
 14.7762
 3.53804
 6.93095
 8.49074
 7.48249
 4.36641
 9.12553
 8.93496
 1.39243
 1.88696
 11.5401
 9.351
 9.08423
 7.05736
 3.78007
 10.0969
 3.98142
 7.18479
 4.48597
 8.49443
 4.25565
 5.38481
 13.9014
 3.35527
 5.51853
 2.07625
 8.19677
 6.89903
 7.41488
 9.11622
 15.0301
 6.87737
 3.05017
 6.87108
 2.81391
 7.14464
 2.88188
 10.3789
 7.11231
 6.3249
 8.2661
 7.92475
 4.08436
 5.89302
 1.71167
 10.2363
 5.73667
 2.33886
 8.87635
 7.41962
 7.67587
 1.04931
 7.82583
 4.88543
 9.75691
 7.5085
 10.5193
 2.06238
 12.0715
 6.939
 10.114
 4.25183
 4.78899
 1.64796
 9.06357
 4.10226
 13.4458
 2.10934
 11.6663
 4.9549
 4.18684
 4.06216
 14.9561
 5.97456
 4.49046
 8.04604
 6.08803
 4.45671
 6.44818
 6.07854
 3.84016
 5.46883
 3.60219
 4.19915
 0.749937
 8.50488
 7.89238
 10.2331
 6.59364
 1.35356
 5.62818
 10.9747
 7.14741
 6.25869
 7.15357
 4.99075
 5.1848
 11.1451
 4.00538
 8.05801
 9.17261
 16.1855
 6.69317
 5.13369
 9.15064
 1.84479
 12.4263
 5.41155
 4.80082
 8.74007
 7.30553
 2.8799
 1.80778
 6.12949
 7.04407
 2.29005
 8.56247
 5.18014
 3.38302
 6.29591
 12.3977
 7.40875
 6.15281
 5.76571
 4.03277
 7.66725
 1.43654
 8.08137
 5.69182
 5.28559
 3.04426
 4.28441
 5.47331
 2.70343
 4.02045
 1.28571
 2.4884
 2.60377
 5.57906
 1.97324
 3.76695
 5.01548
 0.591957
 7.32619
 7.71394
 5.29763
 1.21441
 6.4813
 2.73151
 3.43061
 3.92006
 4.83576
 5.39001
 6.42259
 6.60091
 6.72979
 6.56878
 5.80589
 10.1567
 8.58373
 4.15634
 2.78699
 12.7688
 10.7433
 16.764
 3.14147
 1.19886
 4.13008
 8.02927
 4.84031
 10.8354
 13.9465
 5.60157
 13.1415
 5.23173
 3.3064
 10.2725
 5.58392
 4.17445
 2.39776
 5.36185
 3.85478
 3.76987
 1.81211
 5.75851
 14.7979
 10.2932
 6.46924
 4.70868
 9.04921
 5.38906
 7.98256
 4.44222
 13.3939
 7.99412
 15.7208
 7.65298
 4.38468
 6.71468
 7.23436
 2.18995
 9.36587
 3.31374
 5.51445
 3.84063
 10.1935
 6.707
 11.511
 7.90334
 4.47534
 9.15898
 5.23532
 4.55206
 12.8512
 9.89615
 11.1621
 9.06224
 7.68002
 6.80655
 12.7554
 13.0675
 10.2644
 3.66894
 11.4892
 12.7358
 10.2991
 5.81166
 1.65283
 2.48724
 7.48117
 12.3097
 2.50721
 5.46629
 8.44961
 5.75478
 3.70071
 8.77801
 7.27415
 7.60729
 7.67422
 3.56549
 4.52889
 6.22771
 9.01354
 4.46441
 1.50433
 4.19022
 5.88138
 11.0078
 5.48755
 5.81236
 8.14507
 7.91293
 2.45611
 7.14726
 1.59805
 1.60278
 2.83577
 7.55984
 12.2524
 5.73283
 8.46799
 1.5365
 11.0153
 5.50994
 8.19165
 5.68569
 3.5375
 14.5279
 8.72381
 5.3003
 3.49588
 7.57982
 8.0709
 10.5986
 5.00584
 2.30582
 1.2151
 4.21124
 8.2916
 10.299
 3.14027
 5.19668
 3.55177
 5.87965
 14.171
 6.28336
 6.80048
 7.95215
 5.18325
 5.6947
 4.1329
 0.458535
 11.2592
 3.37948
 1.96057
 3.64802
 3.99356
 4.82754
 4.6324
 4.34873
 6.42044
 0.58502
 4.23028
 9.24091
 1.88362
 5.26847
 3.2475
 4.1415
 3.71538
 5.95848
 3.92748
 0.64873
 4.61621
 0.233981
 10.1949
 8.92513
 5.26853
 9.63341
 13.6897
 7.57575
 5.85151
 13.1106
 12.3406
 13.3914
 1.13524
 7.36051
 2.55025
 3.62305
 6.88497
 12.017
 2.65619
 7.10535
 2.67894
 5.63286
 6.09027
 4.80317
 8.81855
 9.06172
 9.42207
 11.2328
 7.40551
 6.05136
 8.0715
 4.87063
 4.96026
 5.60775
 6.36664
 3.90869
 11.0038
 8.16969
 3.03587
 5.77205
 10.9926
 7.98526
 3.54576
 1.34236
 10.3377
 3.13039
 1.89741
 8.30506
 4.41222
 5.86417
 9.82763
 5.89257
 4.61971
 6.78535
 7.56666
 1.15093
 4.03514
 10.055
 7.44686
 1.40797
 8.83127
 1.37833
 3.03345
 2.20773
 11.2969
 9.10777
 8.27058
 7.02489
 4.12285
 10.0967
 11.6707
 7.96255
 4.28097
 1.5901
 12.5212
 2.44602
 14.1555
 6.6878
 12.0209
 8.38123
 3.41209
 3.87762
 10.3552
 7.16159
 13.4858
 12.6251
 10.7069
 1.35227
 7.72124
 1.48588
 5.16514
 3.27903
 3.3183
 6.86699
 9.90731
 1.92518
 6.92957
 13.1726
 8.56498
 6.49389
 4.99843
 2.67252
 10.4731
 10.656
 5.64859
 6.54428
 3.76542
 6.07076
 7.00431
 10.7323
 5.47845
 10.6451
 4.8048
 8.17701
 5.49218
 7.00239
 3.03929
 5.58431
 10.1168
 6.31428
 2.74043
 5.90178
 14.5604
 6.27276
 5.20651
 10.4735
 5.5817
 3.83169
 6.18359
 6.46336
 12.0549
 5.09687
 12.1197
 8.49272
 6.5576
 3.15029
 4.27753
 5.85635
 6.41233
 5.12845
 2.02801
 3.41502
 9.19774
 10.0176
 11.3841
 7.8984
 1.23939
 2.71463
 8.79822
 11.8683
 11.0431
 2.34172
 4.35628
 11.9119
 7.73792
 2.98789
 6.85923
 11.675
 4.77083
 4.43457
 5.43179
 4.40865
 4.14182
 4.88755
 2.75581
 3.65084
 5.19215
 6.81569
 8.95584
 1.371
 2.14443
 1.79934
 4.04149
 6.825
 2.36143
 6.24421
 11.0617
 7.07646
 6.07659
 8.00307
 1.97617
 16.2326
 5.10283
 6.36167
 9.23764
 2.66078
 4.86171
 6.31234
 5.92773
 2.1919
 8.39129
 2.56677
 13.7459
 3.84643
 3.65653
 4.83199
 5.47887
 5.22871
 12.0313
 7.51008
 9.26273
 11.5144
 5.92932
 7.14651
 7.866
 0.696957
 12.4318
 15.846
 4.814
 6.08076
 11.6807
 6.44248
 7.6391
 2.99655
 12.0861
 4.89271
 3.8018
 9.2431
 7.72176
 4.24296
 5.28404
 7.34288
 6.51617
 1.19245
 10.9323
 3.29349
 1.27485
 6.28089
 5.9547
 8.1641
 5.54431
 5.46782
 1.92493
 6.28128
 3.02052
 8.89487
 0.733466
 5.813
 6.40376
 11.3624
 3.94706
 3.50503
 6.18771
 7.23224
 0.81207
 10.6311
 12.2163
 6.4113
 2.705
 8.13499
 12.0395
 7.58303
 11.6389
 3.7549
 9.91705
 7.96243
 3.63774
 4.19959
 6.84347
 8.47398
 10.3871
 9.78859
 8.77782
 7.90788
 10.5514
 3.53995
 4.23464
 0.256397
 9.34663
 6.56523
 2.23282
 9.29332
 4.08308
 14.6519
 4.94878
 3.13394
 3.60084
 4.42895
 6.78119
 4.35428
 6.02421
 3.77553
 2.30498
 8.5228
 4.3266
 5.12036
 3.42718
 3.91845
 5.61286
 5.71339
 9.12255
 6.59601
 7.43349
 5.52825
 7.69498
 9.74656
 12.559
 1.23622
 4.80921
 8.54392
 6.27773
 9.043
 4.01722
 6.4784
 1.70063
 6.40851
 7.80303
 11.3145
 6.09789
 4.82342
 3.2831
 3.33163
 2.25195
 5.63182
 8.94248
 9.21461
 0.972383
 2.29103
 7.68948
 7.65718
 10.509
 4.90818
 10.7978
 9.15398
 6.66051
 6.94034
 12.6115
 7.11685
 14.3903
 6.98296
 3.337
 6.87441
 8.10917
 2.6339
 8.78491
 3.18007
 9.13034
 6.14824
 8.7733
 7.6975
 10.6579
 13.1125
 3.16006
 4.52369
 6.18957
 12.117
 3.51053
 11.8269
 3.61019
 9.32456
 5.08897
 3.77002
 4.27111
 5.46182
 1.78307
 4.70917
 8.07255
 0.481773
 9.3719
 8.66632
 6.35368
 15.2056
 4.71012
 4.38794
 0.331816
 10.8897
 8.44715
 7.93871
 3.37109
 4.60003
 5.19155
 5.83714
 3.74966
 6.8943
 1.43209
 6.9152
 4.05071
 8.76433
 6.78157
 6.69602
 14.7694
 4.98425
 8.23688
 7.23378
 8.27929
 3.38307
 10.6662
 7.81773
 4.44269
 6.8906
 9.10044
 8.84558
 5.45013
 3.00153
 10.0592
 9.95807
 6.55243
 7.69709
 7.29623
 6.60446
 7.26381
 6.73989
 5.23712
 12.0283
 7.10977
 8.54351
 13.0046
 7.66549
 4.78882
 4.12085
 4.78882
 7.66549
 13.0046
 8.54351
 7.10977
 12.0283
 5.23712
 6.73989
 7.26381
 6.60446
 7.29623
 7.69709
 6.55243
 9.95807
 10.0592
 3.00153
 5.45013
 8.84558
 9.10044
 6.8906
 4.44269
 7.81773
 10.6662
 3.38307
 8.27929
 7.23378
 8.23688
 4.98425
 14.7694
 6.69602
 6.78157
 8.76433
 4.05071
 6.9152
 1.43209
 6.8943
 3.74966
 5.83714
 5.19155
 4.60003
 3.37109
 7.93871
 8.44715
 10.8897
 0.331816
 4.38794
 4.71012
 15.2056
 6.35368
 8.66632
 9.3719
 0.481773
 8.07255
 4.70917
 1.78307
 5.46182
 4.27111
 3.77002
 5.08897
 9.32456
 3.61019
 11.8269
 3.51053
 12.117
 6.18957
 4.52369
 3.16006
 13.1125
 10.6579
 7.6975
 8.7733
 6.14824
 9.13034
 3.18007
 8.78491
 2.6339
 8.10917
 6.87441
 3.337
 6.98296
 14.3903
 7.11685
 12.6115
 6.94034
 6.66051
 9.15398
 10.7978
 4.90818
 10.509
 7.65718
 7.68948
 2.29103
 0.972383
 9.21461
 8.94248
 5.63182
 2.25195
 3.33163
 3.2831
 4.82342
 6.09789
 11.3145
 7.80303
 6.40851
 1.70063
 6.4784
 4.01722
 9.043
 6.27773
 8.54392
 4.80921
 1.23622
 12.559
 9.74656
 7.69498
 5.52825
 7.43349
 6.59601
 9.12255
 5.71339
 5.61286
 3.91845
 3.42718
 5.12036
 4.3266
 8.5228
 2.30498
 3.77553
 6.02421
 4.35428
 6.78119
 4.42895
 3.60084
 3.13394
 4.94878
 14.6519
 4.08308
 9.29332
 2.23282
 6.56523
 9.34663
 0.256397
 4.23464
 3.53995
 10.5514
 7.90788
 8.77782
 9.78859
 10.3871
 8.47398
 6.84347
 4.19959
 3.63774
 7.96243
 9.91705
 3.7549
 11.6389
 7.58303
 12.0395
 8.13499
 2.705
 6.4113
 12.2163
 10.6311
 0.81207
 7.23224
 6.18771
 3.50503
 3.94706
 11.3624
 6.40376
 5.813
 0.733466
 8.89487
 3.02052
 6.28128
 1.92493
 5.46782
 5.54431
 8.1641
 5.9547
 6.28089
 1.27485
 3.29349
 10.9323
 1.19245
 6.51617
 7.34288
 5.28404
 4.24296
 7.72176
 9.2431
 3.8018
 4.89271
 12.0861
 2.99655
 7.6391
 6.44248
 11.6807
 6.08076
 4.814
 15.846
 12.4318
 0.696957
 7.866
 7.14651
 5.92932
 11.5144
 9.26273
 7.51008
 12.0313
 5.22871
 5.47887
 4.83199
 3.65653
 3.84643
 13.7459
 2.56677
 8.39129
 2.1919
 5.92773
 6.31234
 4.86171
 2.66078
 9.23764
 6.36167
 5.10283
 16.2326
 1.97617
 8.00307
 6.07659
 7.07646
 11.0617
 6.24421
 2.36143
 6.825
 4.04149
 1.79934
 2.14443
 1.371
 8.95584
 6.81569
 5.19215
 3.65084
 2.75581
 4.88755
 4.14182
 4.40865
 5.43179
 4.43457
 4.77083
 11.675
 6.85923
 2.98789
 7.73792
 11.9119
 4.35628
 2.34172
 11.0431
 11.8683
 8.79822
 2.71463
 1.23939
 7.8984
 11.3841
 10.0176
 9.19774
 3.41502
 2.02801
 5.12845
 6.41233
 5.85635
 4.27753
 3.15029
 6.5576
 8.49272
 12.1197
 5.09687
 12.0549
 6.46336
 6.18359
 3.83169
 5.5817
 10.4735
 5.20651
 6.27276
 14.5604
 5.90178
 2.74043
 6.31428
 10.1168
 5.58431
 3.03929
 7.00239
 5.49218
 8.17701
 4.8048
 10.6451
 5.47845
 10.7323
 7.00431
 6.07076
 3.76542
 6.54428
 5.64859
 10.656
 10.4731
 2.67252
 4.99843
 6.49389
 8.56498
 13.1726
 6.92957
 1.92518
 9.90731
 6.86699
 3.3183
 3.27903
 5.16514
 1.48588
 7.72124
 1.35227
 10.7069
 12.6251
 13.4858
 7.16159
 10.3552
 3.87762
 3.41209
 8.38123
 12.0209
 6.6878
 14.1555
 2.44602
 12.5212
 1.5901
 4.28097
 7.96255
 11.6707
 10.0967
 4.12285
 7.02489
 8.27058
 9.10777
 11.2969
 2.20773
 3.03345
 1.37833
 8.83127
 1.40797
 7.44686
 10.055
 4.03514
 1.15093
 7.56666
 6.78535
 4.61971
 5.89257
 9.82763
 5.86417
 4.41222
 8.30506
 1.89741
 3.13039
 10.3377
 1.34236
 3.54576
 7.98526
 10.9926
 5.77205
 3.03587
 8.16969
 11.0038
 3.90869
 6.36664
 5.60775
 4.96026
 4.87063
 8.0715
 6.05136
 7.40551
 11.2328
 9.42207
 9.06172
 8.81855
 4.80317
 6.09027
 5.63286
 2.67894
 7.10535
 2.65619
 12.017
 6.88497
 3.62305
 2.55025
 7.36051
 1.13524
 13.3914
 12.3406
 13.1106
 5.85151
 7.57575
 13.6897
 9.63341
 5.26853
 8.92513
 10.1949
 0.233981
 4.61621
 0.64873
 3.92748
 5.95848
 3.71538
 4.1415
 3.2475
 5.26847
 1.88362
 9.24091
 4.23028
 0.58502
 6.42044
 4.34873
 4.6324
 4.82754
 3.99356
 3.64802
 1.96057
 3.37948
 11.2592
 0.458535
 4.1329
 5.6947
 5.18325
 7.95215
 6.80048
 6.28336
 14.171
 5.87965
 3.55177
 5.19668
 3.14027
 10.299
 8.2916
 4.21124
 1.2151
 2.30582
 5.00584
 10.5986
 8.0709
 7.57982
 3.49588
 5.3003
 8.72381
 14.5279
 3.5375
 5.68569
 8.19165
 5.50994
 11.0153
 1.5365
 8.46799
 5.73283
 12.2524
 7.55984
 2.83577
 1.60278
 1.59805
 7.14726
 2.45611
 7.91293
 8.14507
 5.81236
 5.48755
 11.0078
 5.88138
 4.19022
 1.50433
 4.46441
 9.01354
 6.22771
 4.52889
 3.56549
 7.67422
 7.60729
 7.27415
 8.77801
 3.70071
 5.75478
 8.44961
 5.46629
 2.50721
 12.3097
 7.48117
 2.48724
 1.65283
 5.81166
 10.2991
 12.7358
 11.4892
 3.66894
 10.2644
 13.0675
 12.7554
 6.80655
 7.68002
 9.06224
 11.1621
 9.89615
 12.8512
 4.55206
 5.23532
 9.15898
 4.47534
 7.90334
 11.511
 6.707
 10.1935
 3.84063
 5.51445
 3.31374
 9.36587
 2.18995
 7.23436
 6.71468
 4.38468
 7.65298
 15.7208
 7.99412
 13.3939
 4.44222
 7.98256
 5.38906
 9.04921
 4.70868
 6.46924
 10.2932
 14.7979
 5.75851
 1.81211
 3.76987
 3.85478
 5.36185
 2.39776
 4.17445
 5.58392
 10.2725
 3.3064
 5.23173
 13.1415
 5.60157
 13.9465
 10.8354
 4.84031
 8.02927
 4.13008
 1.19886
 3.14147
 16.764
 10.7433
 12.7688
 2.78699
 4.15634
 8.58373
 10.1567
 5.80589
 6.56878
 6.72979
 6.60091
 6.42259
 5.39001
 4.83576
 3.92006
 3.43061
 2.73151
 6.4813
 1.21441
 5.29763
 7.71394
 7.32619
 0.591957
 5.01548
 3.76695
 1.97324
 5.57906
 2.60377
 2.4884
 1.28571
 4.02045
 2.70343
 5.47331
 4.28441
 3.04426
 5.28559
 5.69182
 8.08137
 1.43654
 7.66725
 4.03277
 5.76571
 6.15281
 7.40875
 12.3977
 6.29591
 3.38302
 5.18014
 8.56247
 2.29005
 7.04407
 6.12949
 1.80778
 2.8799
 7.30553
 8.74007
 4.80082
 5.41155
 12.4263
 1.84479
 9.15064
 5.13369
 6.69317
 16.1855
 9.17261
 8.05801
 4.00538
 11.1451
 5.1848
 4.99075
 7.15357
 6.25869
 7.14741
 10.9747
 5.62818
 1.35356
 6.59364
 10.2331
 7.89238
 8.50488
 0.749937
 4.19915
 3.60219
 5.46883
 3.84016
 6.07854
 6.44818
 4.45671
 6.08803
 8.04604
 4.49046
 5.97456
 14.9561
 4.06216
 4.18684
 4.9549
 11.6663
 2.10934
 13.4458
 4.10226
 9.06357
 1.64796
 4.78899
 4.25183
 10.114
 6.939
 12.0715
 2.06238
 10.5193
 7.5085
 9.75691
 4.88543
 7.82583
 1.04931
 7.67587
 7.41962
 8.87635
 2.33886
 5.73667
 10.2363
 1.71167
 5.89302
 4.08436
 7.92475
 8.2661
 6.3249
 7.11231
 10.3789
 2.88188
 7.14464
 2.81391
 6.87108
 3.05017
 6.87737
 15.0301
 9.11622
 7.41488
 6.89903
 8.19677
 2.07625
 5.51853
 3.35527
 13.9014
 5.38481
 4.25565
 8.49443
 4.48597
 7.18479
 3.98142
 10.0969
 3.78007
 7.05736
 9.08423
 9.351
 11.5401
 1.88696
 1.39243
 8.93496
 9.12553
 4.36641
 7.48249
 8.49074
 6.93095
 3.53804
 14.7762
 4.80843
 6.69327
 0.520139
 11.2523
 5.94097
 5.55749
 3.48363
 2.86183
 5.52989
 6.40561
 11.3467
 1.86811
 12.0489
 6.07826
 4.64538
 8.42388
 2.78567
 8.03939
 2.37966
 5.68202
 12.7335
 6.69374
 9.17307
 10.0884
 1.22997
 6.95844
 10.2591
 8.70355
 4.89788
 3.22991
 8.0701
 5.99008
 6.70987
 2.84398
 2.31148
 6.23782
 8.1123
 6.45683
 15.6869
 11.1897
 2.82148
 6.31688
 1.62279
 6.81667
 1.74539
 10.6163
 3.92898
 1.63454
 7.71348
 6.12159
 5.38355
 3.37448
 5.1727
 10.3262
 6.5211
 8.48273
 1.00988
 4.20881
 2.91527
 6.37034
 2.7395
 5.94647
 3.8714
 5.02428
 2.97094
 5.35984
 1.54656
 3.56713
 3.04403
 8.70569
 10.4456
 8.78775
 3.55596
 5.63103
 6.17767
 8.74751
 7.91673
 7.42168
 4.67268
 8.49559
 8.63597
 5.00582
 3.47741
 4.53496
 3.8689
 4.77951
 7.1012
 18.7162
 6.54094
 7.83894
 5.8728
 2.79156
 4.89179
 12.238
 9.21388
 8.49638
 7.29977
 13.507
 3.37557
 2.96786
 7.97454
 6.97648
 10.3383
 1.83643
 2.95988
 4.93645
 3.85441
 7.51707
 12.7447
 10.0559
 10.8872
 3.27982
 7.70926
 5.75558
 6.33733
 4.48671
 3.92784
 9.83291
 10.5662
 6.22439
 6.36863
 5.50972
 1.94859
 4.94301
 4.23429
 2.9782
 5.9821
 3.38046
 9.38256
 11.6062
 6.30441
 16.2957
 18.2243
 4.84653
 2.8044
 10.5023
 1.85729
 5.20347
 9.5783
 4.47151
 0.880193
 3.20391
 2.35766
 4.4939
 7.90639
 11.4762
 1.10835
 8.92663
 3.25946
 2.50319
 3.15864
 2.91595
 7.4031
 2.60374
 10.1467
 8.26861
 5.52618
 3.87561
 2.393
 3.62095
 7.54357
 10.4447
 6.58373
 8.53371
 3.94784
 10.7252
 8.51618
 8.57669
 0.887803
 3.96866
 7.36122
 5.75587
 4.29792
 6.43736
 8.79896
 5.39543
 4.42735
 4.30704
 7.62611
 6.56103
 7.43672
 6.21422
 1.49076
 9.05003
 5.66017
 7.44565
 5.97496
 12.5946
 11.5075
 3.80163
 3.8968
 2.10695
 3.40502
 4.25181
 4.33302
 2.35699
 12.2352
 7.63812
 7.1752
 9.23688
 4.63034
 4.61452
 3.66563
 5.13044
 2.31094
 8.06979
 3.74866
 4.63263
 13.0746
 7.83207
 5.68445
 8.36504
 5.14213
 5.04513
 4.78144
 10.2554
 4.64559
 10.0899
 8.74676
 7.28564
 6.07283
 3.68928
 4.98782
 14.7997
 8.09127
 4.34152
 8.07528
 3.20781
 4.67607
 7.70963
 8.77829
 7.3404
 7.7642
 2.12024
 0.984192
 0.568381
 8.84144
 14.4434
 6.96766
 4.95386
 12.4219
 17.6945
 3.65086
 6.64838
 2.78711
 9.58203
 6.49893
 11.0621
 7.66056
 10.7304
 7.11953
 3.30601
 2.30379
 10.8285
 3.78304
 10.9915
 8.79301
 5.52134
 10.968
 7.47544
 2.57346
 9.03445
 10.9125
 5.21787
 6.61166
 4.76214
 5.89962
 11.9671
 6.76442
 5.96135
 3.38057
 5.30831
 4.06224
 8.20042
 4.52893
 7.09742
 5.35013
 3.0175
 3.20061
 6.75225
 1.34402
 8.03628
 3.06691
 3.13225
 3.69936
 1.00102
 9.46274
 4.3711
 5.11635
 2.28736
 7.60172
 4.12954
 2.64441
 2.49257
 3.04608
 5.54782
 8.08208
 3.81697
 10.662
 10.4428
 3.01528
//widmo zespolone sygnalu
6134.3 + 0i
2.8243 + 1.05604i
9.53104 + 4.26752i
-8.67703 - 6.19576i
-0.783681 + 3.73565i
-8.08195 + 0.0455669i
-1.40612 + 5.36667i
-1.70253 - 2.52587i
2.18887 + 1.19238i
-2.02603 - 1.69944i
-3.11361 + 2.71267i
5.81195 - 4.89973i
-2.26876 + 0.291112i
5.05658 - 0.77974i
-1.54435 + 4.0892i
-9.43993 - 0.656604i
0.864871 + 0.504022i
-1.44862 - 3.40394i
0.895414 - 3.00154i
-2.63 + 1.57767i
-4.17019 - 6.8696i
0.828347 - 1.05841i
2.50932 + 6.26867i
-2.52506 + 1.96672i
-0.31774 + 3.00073i
0.587842 - 5.31773i
-5.53008 - 4.44877i
2.74119 + 3.60515i
1.73519 - 8.01474i
3.83279 + 1.34592i
4.95322 - 1.90886i
-1.59327 + 2.98157i
1.91621 + 5.64498i
-6.20797 - 2.68674i
-11.7901 + 2.05053i
1.55396 - 5.69128i
4.35096 + 1.93575i
5.46461 - 3.72184i
3.7758 + 3.60132i
-10.0075 + 4.35098i
8.8759 - 1.68515i
-1.64871 - 1.97597i
6.87452 - 2.93652i
6.80235 - 8.60381i
5.51946 + 0.144014i
-0.387836 + 8.78445i
-3.02876 - 10.5659i
2.53988 + 2.80364i
8.45208 + 6.76903i
0.385603 - 2.27129i
-2.80959 - 1.74238i
-5.60366 - 4.39167i
1.113 - 10.6725i
2.18733 + 7.34165i
-6.98555 - 8.5774i
-6.44637 + 0.824844i
-8.34749 - 4.70475i
-2.27291 + 1.61302i
-5.89576 - 3.07261i
-2.00831 - 3.04885i
-16.8291 + 5.46616i
-0.523676 - 12.4109i
-3.10929 + 3.85656i
-1.17308 - 6.8682i
-9.60672 - 10.7853i
-8.17198 + 3.3749i
-0.111029 - 0.557431i
0.559548 + 0.809654i
2.02094 - 0.641246i
-6.85826 - 3.63966i
-1.34741 - 7.21567i
2.57617 + 8.39177i
7.34064 + 2.35656i
4.638 + 0.595461i
-2.28021 + 2.25626i
7.62001 + 2.67313i
-3.4885 + 2.58441i
5.84162 - 5.59858i
-0.979548 + 14.7672i
1.69336 - 4.69157i
2.76742 - 2.4397i
4.53843 - 4.03508i
0.409625 + 7.27412i
8.32275 - 2.69027i
-0.0850939 - 10.0895i
1.53321 - 4.38529i
-7.10089 + 7.39936i
-4.66751 - 1.03757i
4.98913 - 0.74962i
-1.73419 + 4.84088i
0.313223 - 8.35918i
2.24408 + 5.22274i
-4.7625 + 6.2177i
4.93396 + 12.1079i
4.56766 + 0.773146i
-3.74844 - 0.0403094i
-5.65537 + 5.75659i
-2.30631 - 0.146156i
-3.97193 + 3.24734i
2.53295 - 2.64973i
-4.54953 + 0.771757i
-1.12708 - 4.49107i
-4.5436 - 8.04212i
3.18068 + 6.4317i
-5.53051 - 5.26824i
12.0869 - 1.89962i
2.33822 - 0.296864i
-0.510304 - 4.30287i
-0.0615962 - 4.25136i
2.59042 - 2.20995i
0.410749 + 2.06653i
0.974788 + 3.77291i
-3.75787 + 0.575159i
-10.0015 - 5.69154i
-12.234 + 2.9925i
2.4582 - 5.44586i
5.55639 - 4.95623i
1.85162 + 5.34874i
1.4878 + 8.9269i
0.0560431 - 1.4897i
1.82398 - 5.94051i
6.80923 - 2.98986i
-3.25956 + 5.69407i
-2.75694 - 7.11034i
3.86888 - 1.89273i
-1.13535 - 4.2793i
3.73659 - 3.89212i
0.110327 + 8.79827i
5.30169 - 3.65127i
2.40816 + 3.5599i
0.133078 - 5.75433i
-3.941 - 6.2174i
-3.84459 + 0.984569i
-0.739072 - 0.491902i
-1.98692 - 8.34336i
5.19441 - 6.74859i
-10.6595 - 1.18529i
-2.05521 + 3.37069i
-1.84793 - 8.33123i
-2.58299 - 6.05588i
9.94734 + 3.18452i
-7.00943 - 2.78807i
1.63398 - 3.23131i
1.76394 + 1.61709i
2.48543 + 2.97371i
-4.53645 + 3.15583i
-3.65478 + 7.41704i
2.30836 + 9.88065i
-2.1026 - 1.53574i
-7.40233 - 0.10698i
2.26147 - 1.8408i
-2.12017 - 2.34135i
-1.35054 + 2.1076i
-3.25908 - 0.0498005i
-3.12254 + 8.36269i
0.00499296 - 1.10834i
10.5946 - 4.411i
6.95814 - 3.75437i
-4.08097 - 1.88172i
2.35733 - 0.0395913i
-0.155953 - 3.20011i
0.194542 + 0.858424i
-4.45822 - 0.344501i
1.31431 - 9.48769i
-4.48549 + 2.63752i
1.81994 + 0.370615i
-6.31215 - 8.39378i
-1.85415 + 2.10399i
4.57021 - 1.61308i
12.5777 - 13.1882i
-11.8473 - 11.1888i
-1.22395 + 6.18446i
5.03331 - 10.458i
7.20846 - 6.00588i
1.3443 + 3.10167i
-5.94582 - 0.657811i
-2.66767 - 1.3241i
-3.14495 - 2.83522i
-4.62376 - 1.74762i
1.75973 - 0.836868i
5.50306 + 0.270912i
-5.73272 + 2.77406i
-5.85153 - 2.12194i
4.72047 - 9.45313i
-3.3406 - 9.24805i
1.44325 - 3.65307i
1.42647 - 4.25392i
-5.30717 - 3.46348i
-5.53888 - 1.56446i
1.45586 + 7.57055i
-3.12009 - 1.0111i
9.96474 + 4.38568i
-9.23636 + 3.97623i
9.72844 - 8.23312i
-3.75724 + 6.51073i
-3.73615 - 0.947434i
0.990356 - 4.83608i
2.5484 + 1.50551i
-1.31505 - 1.28184i
-9.78998 + 3.32204i
6.63364 + 2.16013i
7.68949 + 2.11305i
-1.67886 + 2.44737i
-2.1554 - 2.59783i
-11.8937 + 6.40136i
-6.19913 - 3.85453i
-5.77042 + 6.23624i
-9.16125 - 0.983439i
-11.9111 - 2.80985i
3.04366 + 3.82959i
-1.8992 - 2.04593i
5.67211 - 1.52214i
4.37053 - 6.5075i
-3.06122 + 5.78039i
7.82288 - 17.0029i
-3.41641 + 6.22537i
0.828213 - 4.70721i
0.95367 + 3.74952i
-1.84135 - 4.14431i
3.38834 + 0.781977i
2.39352 + 4.39651i
-3.77104 - 7.76912i
-3.15265 + 7.88898i
1.54584 + 4.40956i
5.49624 - 4.98725i
-6.32534 + 4.76075i
-8.35747 + 2.58295i
-0.401549 - 6.1646i
5.41357 + 1.54976i
-3.53302 + 0.403317i
-0.909471 - 8.74056i
-3.98298 - 9.65646i
3.74153 + 7.86066i
-1.15557 - 2.81616i
0.206924 - 3.56113i
0.439083 + 1.48292i
4.64841 + 2.66838i
2.96797 - 0.132947i
5.02428 - 0.000471354i
0.318027 - 3.85831i
2.44036 - 5.42266i
-0.819509 - 2.61406i
4.5499 + 4.45866i
-2.34249 - 1.73538i
-2.71669 + 3.21461i
0.738516 + 0.688807i
5.6941 + 6.2876i
5.58132 - 3.37247i
-9.61264 + 3.77194i
-0.677238 - 5.12817i
-2.38855 + 2.38368i
-0.196139 + 5.37998i
0.229256 + 6.1173i
-6.36075 - 4.36332i
-0.328096 + 1.60127i
2.4826 + 3.04525i
9.37903 + 4.97397i
-1.72628 - 0.257598i
6.81336 - 0.21253i
1.56709 + 0.421551i
-5.89252 - 2.27623i
0.762391 - 2.71652i
4.35084 + 10.3092i
-7.46834 + 13.7951i
-4.72969 - 4.39553i
-7.38079 + 3.3665i
5.61235 + 2.72249i
-1.50569 - 1.7538i
1.81784 + 2.18716i
-0.976545 - 6.63843i
5.22538 - 2.92856i
-5.70506 + 5.70779i
-3.22461 + 0.184977i
2.90297 - 3.94488i
6.58159 + 5.69512i
6.96794 - 7.5298i
-2.1288 - 6.62481i
0.708768 + 1.00522i
-1.55637 + 9.9676i
-6.31469 + 6.65356i
-6.6855 + 0.331982i
-8.03993 + 9.87435i
-3.54566 - 4.44001i
-1.31661 - 1.98225i
-4.43567 + 6.70497i
-1.76483 - 2.15531i
-7.17955 + 4.40634i
-1.73581 - 4.30888i
-5.77094 + 1.90826i
-3.08354 + 11.6476i
1.60852 - 0.949999i
11.1179 - 2.2674i
-5.34903 - 3.52417i
-5.49929 + 0.580951i
-2.41798 + 1.53083i
-3.24655 - 1.26317i
0.761425 - 5.50509i
4.91126 - 3.34285i
5.28997 - 9.93128i
0.48958 + 0.175657i
-5.63631 + 3.60996i
-4.7509 + 0.741601i
8.33432 + 12.2014i
3.53031 + 0.233673i
0.284767 - 6.92509i
-7.62171 - 3.74195i
0.116874 + 7.48158i
-1.2017 + 4.19779i
-9.05965 + 1.09452i
7.02592 + 5.51996i
1.26248 + 0.587362i
1.76269 + 0.673441i
9.19055 + 6.97902i
7.54589 - 5.52275i
-5.79134 - 6.99883i
3.87113 + 5.90091i
-2.54024 + 2.79931i
9.09058 - 4.39426i
3.07726 + 2.5263i
2.06855 - 6.88057i
1.84187 + 4.09041i
2.01401 + 8.25222i
-4.25378 + 0.125969i
1.6426 + 5.12817i
11.7998 - 7.34942i
2.72364 - 1.95949i
1.86342 - 5.1944i
-1.56456 - 1.36491i
1.68682 - 8.02133i
0.847029 - 6.84683i
-5.55016 - 4.91692i
-5.19619 - 7.49034i
-10.7792 + 10.4744i
4.73563 - 4.98718i
-1.23074 - 2.79085i
-6.46566 - 2.32529i
-2.63572 + 0.985428i
7.0548 + 1.12948i
1.71855 - 2.31339i
-5.4041 + 8.86104i
-6.88931 - 1.76704i
-1.46395 + 6.15315i
-6.02084 + 5.66374i
5.95247 - 5.23162i
3.82341 - 1.4365i
-4.54988 - 3.74516i
-0.843684 - 1.4893i
-9.91564 - 2.54213i
-5.06814 + 2.68762i
2.09847 + 1.0328i
-8.36148 - 2.97912i
5.89306 + 4.50807i
-0.856569 - 7.62792i
0.994143 + 0.33575i
7.78457 - 0.802513i
4.87633 - 0.298051i
-3.06404 + 9.26331i
-7.08661 + 2.48143i
5.59534 + 8.90779i
-2.00739 + 0.473057i
-3.06488 + 11.676i
2.41611 + 6.50478i
7.01773 + 7.28322i
0.583115 - 4.21165i
4.41633 - 1.85216i
-0.832841 + 1.42202i
-7.49212 - 5.10062i
3.77336 + 1.60946i
-12.2297 - 5.58788i
2.10796 - 0.0760937i
-9.77408 + 6.36943i
-4.5927 + 1.85959i
-2.72832 + 3.17583i
-3.02638 + 2.70965i
6.99476 + 13.2196i
-4.69693 - 3.69245i
0.267378 + 4.48249i
7.86313 - 1.70587i
-4.22742 + 4.38098i
-2.99748 - 3.29809i
-4.94813 + 4.13461i
-4.10044 + 4.48721i
3.69039 + 1.06201i
3.89783 + 3.83602i
-2.06868 - 2.94896i
-4.0639 + 1.05719i
-0.574664 + 0.481836i
-1.33956 - 8.39872i
-7.41427 - 2.70522i
-0.386109 - 10.2258i
-1.50782 + 6.41893i
-0.0587413 + 1.35229i
1.72066 + 5.35871i
5.11353 + 9.71057i
7.14497 - 0.186712i
3.41439 - 5.2453i
4.67853 + 5.41156i
4.98544 + 0.230053i
5.14473 - 0.643389i
3.25638 + 10.6588i
-3.89894 - 0.917231i
8.02148 - 0.76641i
-1.43361 - 9.05989i
16.1077 + 1.58442i
-3.09132 + 5.93652i
1.09794 + 5.01491i
-1.09485 - 9.0849i
-1.7385 - 0.617132i
4.42663 + 11.6111i
-1.43818 - 5.21694i
-4.5123 - 1.6392i
7.3056 + 4.79761i
3.19883 + 6.56797i
2.87935 - 0.0566537i
1.8035 + 0.124319i
5.6733 + 2.32043i
1.24302 - 6.93353i
-2.12216 + 0.86066i
-5.57361 + 6.50005i
-4.11409 - 3.14771i
-2.42854 - 2.35521i
-3.88009 - 4.95817i
12.0429 + 2.94462i
-6.21326 + 4.03546i
5.32057 + 3.09008i
1.73436 - 5.49867i
-1.47411 + 3.75369i
2.24444 + 7.33138i
0.73105 - 1.23661i
7.67582 - 2.52792i
-4.78814 - 3.07742i
-2.58335 - 4.61126i
2.40374 - 1.86804i
-2.22463 + 3.66159i
0.794842 - 5.41529i
-0.0702815 - 2.70252i
-3.60799 + 1.77381i
1.18152 - 0.507019i
-2.47224 - 0.283104i
-0.723615 + 2.50119i
3.75838 + 4.12317i
-1.12294 + 1.62255i
3.69988 + 0.707678i
-4.67748 - 1.81002i
0.586627 + 0.079257i
-7.226 - 1.20746i
-7.64356 - 1.03963i
-1.36599 - 5.11849i
-0.24022 + 1.19041i
5.71159 + 3.0635i
-1.07139 - 2.51262i
2.12042 - 2.69683i
-2.58904 + 2.94342i
2.57931 - 4.09044i
-0.806523 + 5.32933i
-2.94718 + 5.70647i
-4.30522 + 5.0037i
-5.71504 - 3.55366i
1.16368 + 6.46488i
-1.36999 - 5.64194i
-8.72038 - 5.20713i
-1.93446 - 8.36291i
3.48755 + 2.26101i
-1.61006 + 2.27486i
-8.83136 - 9.22221i
-10.009 - 3.9035i
-11.9311 + 11.7763i
-3.00495 + 0.916016i
-0.779068 + 0.911223i
-3.87431 + 1.43083i
5.75426 + 5.59979i
4.64139 + 1.37334i
10.5048 + 2.6559i
1.41572 - 13.8745i
-5.01897 - 2.48747i
2.53112 + 12.8955i
4.79268 + 2.09789i
-2.20233 - 2.46617i
2.87234 - 9.86272i
-2.99433 - 4.71319i
2.90536 + 2.99749i
2.3717 - 0.352571i
0.339571 + 5.35108i
0.210379 - 3.84904i
3.30475 + 1.814i
0.850174 - 1.60029i
-1.92317 + 5.42787i
2.73652 - 14.5427i
10.1785 - 1.53221i
6.43729 - 0.642133i
-4.07545 - 2.35846i
-3.06194 + 8.51544i
4.31944 - 3.22248i
-2.19027 + 7.6762i
0.90881 - 4.34826i
-0.644082 + 13.3784i
7.15243 + 3.57053i
10.2604 - 11.9109i
-5.1779 - 5.63538i
4.28054 + 0.949909i
2.88123 - 6.06511i
6.03676 - 3.98666i
-0.751309 - 2.05704i
5.21495 - 7.7797i
1.50582 - 2.95184i
1.6835 - 5.25119i
-3.77744 + 0.693794i
2.01188 + 9.99303i
4.75959 - 4.72548i
2.91718 - 11.1352i
-3.40387 + 7.13278i
-4.28048 + 1.30621i
-5.21997 - 7.52588i
2.35459 + 4.67595i
-3.74662 - 2.58535i
-8.79546 + 9.36981i
8.85089 - 4.42668i
2.50299 - 10.8778i
5.983 + 6.80646i
-7.57096 - 1.28972i
-4.04346 + 5.47536i
-1.48845 - 12.6683i
12.9099 + 2.02323i
-9.62352 + 3.57024i
-3.61742 - 0.612689i
-11.2166 - 2.48807i
-11.4037 + 5.67061i
0.535168 - 10.2851i
2.76792 - 5.11019i
0.0219249 - 1.65268i
2.30404 + 0.936891i
-0.996398 + 7.41452i
-2.29614 - 12.0937i
-2.21534 - 1.17404i
4.11475 - 3.5985i
4.93225 + 6.86067i
1.18411 - 5.63164i
-3.69646 - 0.177379i
8.04447 - 3.51284i
4.83385 - 5.43573i
6.91584 - 3.16891i
4.3757 - 6.30452i
1.43455 - 3.26416i
4.07595 + 1.97421i
-4.08714 + 4.6989i
3.82882 + 8.15991i
-1.03855 - 4.34193i
0.106362 - 1.50056i
-4.13074 + 0.703472i
-5.48947 - 2.11102i
5.30048 - 9.64757i
5.46618 + 0.483844i
-1.6221 - 5.58143i
-1.12221 + 8.06739i
-3.63895 + 7.02656i
0.79597 + 2.32355i
-5.67743 - 4.34166i
0.958516 + 1.27868i
-0.40395 - 1.55104i
2.8167 + 0.32831i
-1.18799 - 7.46591i
9.6614 - 7.53514i
-5.63114 - 1.07502i
5.58013 - 6.36937i
-1.0666 - 1.10598i
-3.87006 - 10.3131i
-2.01799 - 5.1271i
-3.1254 + 7.57199i
-5.64144 + 0.707996i
-3.42014 + 0.903615i
-6.25197 - 13.1138i
8.71172 + 0.459167i
-0.442297 + 5.28181i
-1.77898 + 3.00939i
-7.42048 + 1.546i
-2.93838 - 7.517i
6.41789 - 8.43456i
-0.688139 - 4.95832i
0.413179 + 2.2685i
-0.379441 + 1.15434i
-0.176487 - 4.20754i
-7.8818 + 2.57447i
-6.86395 + 7.67822i
2.47093 - 1.93799i
4.2904 + 2.93223i
-1.07677 + 3.38462i
-5.58023 - 1.8524i
-9.72181 - 10.3103i
6.25014 - 0.645202i
5.70922 + 3.69477i
5.23646 - 5.98466i
2.43492 - 4.57572i
2.17035 - 5.2649i
2.27197 + 3.45239i
0.34161 + 0.305871i
0.88008 + 11.2247i
0.596515 - 3.32642i
-0.989872 + 1.69233i
3.64057 + 0.233014i
-0.898558 + 3.89116i
4.25705 - 2.27654i
-4.58887 - 0.63358i
-4.34504 + 0.17919i
6.4186 + 0.153779i
0.511799 - 0.283391i
1.8362 + 3.81098i
-9.22377 - 0.562634i
-1.88215 - 0.0742648i
-2.62063 + 4.57046i
2.96802 - 1.31802i
-1.16646 + 3.97384i
-2.82046 + 2.41848i
-2.7652 - 5.27798i
-3.64107 + 1.47231i
-0.108639 - 0.639568i
-3.40649 - 3.11533i
-0.0899484 + 0.216001i
-3.92916 + 9.40727i
6.60265 - 6.00525i
-3.31425 - 4.0955i
-0.963226 + 9.58513i
-13.239 + 3.48356i
-7.56665 - 0.371231i
4.5166 + 3.72027i
-2.63416 + 12.8432i
10.9754 + 5.64173i
11.4595 - 6.92898i
1.13446 - 0.0421253i
-1.93712 + 7.10103i
-1.78498 + 1.82144i
0.184319 + 3.61836i
6.75458 - 1.33359i
8.78543 - 8.19911i
1.08959 + 2.42242i
7.00944 - 1.16353i
1.17306 + 2.40845i
-2.21866 + 5.17752i
6.06351 - 0.570274i
4.46077 - 1.78102i
-8.80514 - 0.486115i
-6.95146 - 5.8131i
-7.62525 + 5.53454i
0.568329 - 11.2184i
2.03202 - 7.12127i
2.56012 - 5.48314i
-5.86571 + 5.5446i
1.00777 - 4.76523i
4.22569 + 2.59765i
3.40158 + 4.45826i
-0.152497 + 6.36482i
-3.63689 - 1.43209i
-8.91078 - 6.45607i
8.16959 - 0.0407323i
-1.17625 + 2.79874i
3.2817 + 4.74837i
-5.8968 + 9.27711i
-7.97984 - 0.294157i
1.88059 + 3.00595i
0.214777 + 1.32507i
7.44768 + 7.16932i
-0.483046 + 3.0929i
1.51946 + 1.1364i
0.273109 + 8.30057i
-1.38868 + 4.18799i
-5.01156 - 3.04512i
2.66826 - 9.45848i
4.51723 - 3.78379i
3.25692 + 3.2763i
3.14414 - 6.01293i
4.71468 - 5.91828i
-0.528761 - 1.02228i
3.09689 + 2.58682i
-7.95802 - 6.1459i
1.09798 - 7.36547i
-0.933335 + 1.05417i
8.36007 - 2.84613i
-0.589065 - 1.24612i
-2.9655 + 0.638429i
-0.751849 - 2.07577i
2.0314 + 11.1128i
-5.7678 + 7.04868i
-1.12514 + 8.19368i
3.84973 + 5.87611i
-4.11738 - 0.212219i
9.59011 - 3.15797i
7.27937 - 9.12235i
-6.43151 + 4.69446i
2.99575 + 3.05814i
-1.08422 + 1.16313i
-12.4316 - 1.49543i
-1.03743 + 2.21512i
14.1209 - 0.989313i
2.63011 + 6.14892i
-3.95789 - 11.3507i
-1.47201 + 8.25095i
1.66377 - 2.97896i
1.80858 + 3.43001i
-6.57679 - 7.99851i
-3.48399 - 6.25701i
12.8413 + 4.11916i
-12.1418 - 3.45998i
4.16329 - 9.86437i
0.795119 - 1.09382i
-2.31791 - 7.36511i
-0.309924 - 1.4532i
-4.87494 + 1.70691i
-1.61489 - 2.8538i
1.54865 + 2.93476i
5.36392 + 4.28764i
-3.41745 - 9.29924i
-1.49557 + 1.21227i
-6.10433 - 3.27965i
-10.964 - 7.30134i
-1.63412 - 8.40764i
-5.3636 - 3.66094i
-4.99332 + 0.226084i
-0.013473 + 2.67248i
-0.730774 - 10.4476i
9.23977 + 5.30826i
5.18063 + 2.25114i
3.68371 - 5.40906i
3.14881 - 2.06481i
0.224328 - 6.06661i
1.42994 - 6.8568i
2.31379 - 10.4799i
-5.12828 + 1.92723i
6.45639 - 8.46358i
-4.79512 - 0.304712i
2.48318 + 7.79085i
5.11438 - 2.00179i
-6.79291 - 1.69994i
0.136864 + 3.03621i
-5.57437 + 0.333134i
-10.06 + 1.07019i
1.83838 - 6.04074i
-1.2424 - 2.44262i
-3.15419 - 4.98819i
9.62878 - 10.9221i
6.23456 + 0.691171i
3.38607 + 3.95503i
-1.82398 - 10.3135i
2.04744 + 5.19263i
-0.622858 - 3.78073i
4.46121 - 4.28187i
-4.37875 + 4.75411i
-6.78813 - 9.96201i
0.100521 + 5.09588i
-11.6583 - 3.31212i
-6.76465 - 5.13477i
6.55206 + 0.269375i
-0.570029 - 3.09829i
0.00802457 + 4.27753i
-5.81529 + 0.69231i
6.26798 - 1.35292i
-4.18157 + 2.96909i
1.83645 + 0.86039i
-2.02279 + 2.75148i
-8.99677 - 1.91219i
9.51349 - 3.13785i
2.64578 - 11.0723i
6.9946 - 3.66883i
0.734865 - 0.998027i
1.49136 - 2.26827i
-4.64154 + 7.47428i
-8.44487 - 8.33903i
1.8285 - 10.8907i
-1.36463 - 1.90301i
2.02256 + 3.85829i
9.82348 - 6.73733i
-7.56925 - 1.60679i
-2.9749 + 0.278296i
1.60728 - 6.66826i
2.64918 - 11.3705i
-0.606417 - 4.73213i
-1.12999 - 4.28818i
-3.91925 - 3.76083i
0.244142 + 4.40189i
2.69926 + 3.14145i
3.82578 - 3.04164i
-1.95262 + 1.94467i
-0.257884 + 3.64172i
-5.17666 + 0.400761i
-6.27447 - 2.6617i
6.10925 - 6.5486i
-1.37099 - 0.00456429i
-0.183019 + 2.13661i
0.322851 - 1.77014i
0.748517 - 3.97157i
-0.506417 + 6.80619i
1.74593 + 1.59i
-6.16026 + 1.02046i
-6.47418 - 8.96923i
-3.34044 + 6.23841i
-5.54316 + 2.48964i
4.62062 - 6.53445i
-1.801 - 0.813419i
15.655 + 4.29155i
2.83709 - 4.24144i
5.06746 + 3.84599i
-9.13135 - 1.39733i
2.66074 - 0.013216i
-4.42654 - 2.01046i
-6.07557 + 1.71261i
-0.212097 - 5.92393i
-1.56002 + 1.53973i
6.90814 - 4.76354i
0.907044 + 2.40116i
-13.7015 + 1.10423i
2.35345 - 3.04242i
2.58878 + 2.58233i
1.859 + 4.46007i
-3.74845 + 3.99589i
4.66726 - 2.35715i
-1.75409 + 11.9027i
5.4 - 5.21932i
5.06587 - 7.75468i
10.5983 + 4.50078i
1.85589 - 5.63139i
3.05075 + 6.46263i
7.86153 + 0.265153i
0.367562 + 0.592154i
-12.0486 - 3.06293i
-15.5438 + 3.08013i
4.81322 - 0.0866066i
-2.92537 + 5.33084i
-10.249 + 5.60314i
-2.21031 + 6.05145i
7.39893 - 1.90048i
-2.99542 + 0.0821407i
-11.0051 - 4.99619i
-3.59369 - 3.32024i
3.78704 + 0.334635i
-9.12671 - 1.46219i
-3.85807 + 6.68886i
-3.96782 + 1.50304i
-3.90021 - 3.56503i
-6.24166 + 3.86775i
-6.51333 - 0.192459i
-0.715027 - 0.954295i
-10.6147 - 2.61559i
3.17074 + 0.890782i
0.499353 + 1.17298i
5.10413 - 3.66025i
-4.1376 + 4.28238i
-5.0028 - 6.45171i
-3.20174 - 4.5264i
-4.45935 - 3.16405i
-1.50039 + 1.2059i
4.38227 + 4.50003i
1.68743 + 2.50521i
8.87278 - 0.626435i
-0.486475 - 0.548922i
3.79077 - 4.40693i
3.60739 - 5.29102i
-8.6418 + 7.37723i
-3.72355 - 1.30935i
1.08384 + 3.33325i
4.93245 + 3.73613i
-7.09171 - 1.41875i
0.702549 + 0.407286i
-0.469457 - 10.6207i
2.13264 - 12.0287i
2.02767 - 6.08222i
0.00283718 - 2.705i
-6.81038 - 4.44935i
11.0184 + 4.85232i
5.87782 - 4.79099i
-11.0102 - 3.77354i
-0.464802 + 3.72602i
-8.67434 - 4.80665i
5.71129 + 5.5481i
2.83547 - 2.27887i
4.1952 - 0.191951i
0.586717 - 6.81827i
-3.31948 + 7.79676i
-8.8039 - 5.512i
-7.97879 + 5.67058i
8.77708 - 0.113452i
-4.89046 + 6.21433i
10.2436 + 2.53018i
0.842459 + 3.43824i
-3.87872 - 1.69931i
-0.156906 + 0.20278i
-2.74557 - 8.93428i
6.50783 - 0.866202i
0.272551 - 2.21612i
-6.0909 - 7.01902i
-3.98182 + 0.903682i
-12.4842 - 7.66967i
1.74799 - 4.62979i
0.646244 + 3.06659i
3.36985 - 1.26892i
3.52029 + 2.68759i
0.0742805 - 6.78078i
-1.15751 + 4.19761i
6.02258 + 0.139859i
1.42779 - 3.49514i
1.33355 - 1.88005i
1.66376 - 8.35883i
-2.52934 - 3.51025i
-4.6197 + 2.20827i
3.09136 + 1.47954i
1.93252 - 3.40876i
5.14127 + 2.25201i
2.06878 + 5.3257i
9.10083 + 0.629187i
-2.19181 - 6.2212i
3.03022 + 6.78782i
0.608512 - 5.49466i
-7.69227 + 0.204202i
-8.98368 - 3.78009i
-11.4484 - 5.16341i
0.0539534 - 1.23505i
-3.63296 - 3.15122i
6.01153 - 6.07125i
-1.01371 - 6.19534i
0.955456 - 8.99238i
-3.20888 + 2.41685i
3.2905 + 5.58053i
-1.65845 - 0.376418i
4.68337 + 4.37437i
-0.649094 + 7.77599i
10.2864 - 4.71263i
-4.25819 + 4.36487i
-4.59344 - 1.47163i
-3.28146 + 0.103783i
3.32996 + 0.105555i
1.64536 + 1.53756i
-1.70945 + 5.36612i
8.28208 - 3.3727i
-8.66785 + 3.12688i
0.647482 - 0.725462i
-1.34748 - 1.85288i
-6.4404 + 4.20112i
-2.45902 + 7.2516i
-1.89441 - 10.3368i
4.72705 + 1.3211i
6.75971 - 8.42011i
-7.31999 + 5.49664i
5.70276 - 3.44106i
-2.73363 - 6.37931i
10.0035 + 7.67976i
-6.97806 + 1.39864i
0.778639 + 14.3692i
6.95356 + 0.640084i
0.45638 + 3.30564i
0.908589 + 6.8141i
7.67177 + 2.62727i
-1.97544 - 1.74215i
3.77106 - 7.93434i
2.34376 - 2.14934i
-4.4142 - 7.99237i
-0.369818 + 6.13711i
-1.76366 + 8.5942i
-7.22811 + 2.64689i
-10.6281 + 0.79697i
0.66595 - 13.0956i
3.0396 + 0.864213i
-3.79466 + 2.46258i
4.32463 + 4.42814i
2.93095 + 11.7572i
1.91892 + 2.93965i
-3.65391 - 11.2483i
-2.16154 + 2.89157i
3.63394 - 8.58731i
-4.95541 - 1.15822i
-3.48561 + 1.43651i
-0.850791 - 4.18551i
-3.24923 + 4.39021i
1.73031 + 0.430537i
-4.6649 - 0.644188i
1.88152 + 7.85022i
0.257464 - 0.407207i
4.46972 - 8.23737i
5.94146 + 6.30906i
-0.555672 - 6.32934i
11.5883 + 9.84481i
2.32958 - 4.09369i
-4.38699 + 0.0911007i
-0.325971 - 0.0620027i
-10.5031 + 2.87576i
-4.0878 - 7.39218i
-3.54753 - 7.10198i
1.13137 + 3.17557i
-3.08448 + 3.41266i
-2.79629 + 4.37412i
5.49141 + 1.97905i
0.74994 - 3.6739i
-1.92487 - 6.62014i
-0.981287 - 1.04305i
6.86542 + 0.828297i
3.19334 + 2.49215i
-8.54107 - 1.96561i
-6.56038 + 1.71787i
3.88525 - 5.45358i
12.9916 + 7.02521i
0.167643 + 4.98143i
7.50737 - 3.38905i
2.21147 - 6.88745i
-1.65208 - 8.11279i
-3.30009 - 0.744662i
10.1149 + 3.38467i
7.70671 - 1.31283i
-3.60275 - 2.59955i
-5.06351 + 4.67346i
-0.449768 - 9.08931i
1.37169 - 8.73858i
5.28456 - 1.33318i
-2.11071 - 2.13403i
-5.40684 - 8.48249i
5.98791 - 7.95664i
2.73677 + 5.95352i
-5.11085 + 5.75538i
5.54323 + 4.74421i
-6.47414 + 1.30552i
-1.53581 - 7.09959i
-0.894813 + 6.68023i
4.69291 - 2.32466i
-12.0038 + 0.767287i
6.60129 - 2.64042i
4.874 - 7.01681i
-4.06861 - 12.3518i
-5.69174 - 5.13457i
2.87725 + 3.82808i
-5.69174 - 5.13457i
-4.06861 - 12.3518i
4.874 - 7.01681i
6.60129 - 2.64042i
-12.0038 + 0.767287i
4.69291 - 2.32466i
-0.894813 + 6.68023i
-1.53581 - 7.09959i
-6.47414 + 1.30552i
5.54323 + 4.74421i
-5.11085 + 5.75538i
2.73677 + 5.95352i
5.98791 - 7.95664i
-5.40684 - 8.48249i
-2.11071 - 2.13403i
5.28456 - 1.33318i
1.37169 - 8.73858i
-0.449768 - 9.08931i
-5.06351 + 4.67346i
-3.60275 - 2.59955i
7.70671 - 1.31283i
10.1149 + 3.38467i
-3.30009 - 0.744662i
-1.65208 - 8.11279i
2.21147 - 6.88745i
7.50737 - 3.38905i
0.167643 + 4.98143i
12.9916 + 7.02521i
3.88525 - 5.45358i
-6.56038 + 1.71787i
-8.54107 - 1.96561i
3.19334 + 2.49215i
6.86542 + 0.828297i
-0.981287 - 1.04305i
-1.92487 - 6.62014i
0.74994 - 3.6739i
5.49141 + 1.97905i
-2.79629 + 4.37412i
-3.08448 + 3.41266i
1.13137 + 3.17557i
-3.54753 - 7.10198i
-4.0878 - 7.39218i
-10.5031 + 2.87576i
-0.325971 - 0.0620027i
-4.38699 + 0.0911007i
2.32958 - 4.09369i
11.5883 + 9.84481i
-0.555672 - 6.32934i
5.94146 + 6.30906i
4.46972 - 8.23737i
0.257464 - 0.407207i
1.88152 + 7.85022i
-4.6649 - 0.644188i
1.73031 + 0.430537i
-3.24923 + 4.39021i
-0.850791 - 4.18551i
-3.48561 + 1.43651i
-4.95541 - 1.15822i
3.63394 - 8.58731i
-2.16154 + 2.89157i
-3.65391 - 11.2483i
1.91892 + 2.93965i
2.93095 + 11.7572i
4.32463 + 4.42814i
-3.79466 + 2.46258i
3.0396 + 0.864213i
0.66595 - 13.0956i
-10.6281 + 0.79697i
-7.22811 + 2.64689i
-1.76366 + 8.5942i
-0.369818 + 6.13711i
-4.4142 - 7.99237i
2.34376 - 2.14934i
3.77106 - 7.93434i
-1.97544 - 1.74215i
7.67177 + 2.62727i
0.908589 + 6.8141i
0.45638 + 3.30564i
6.95356 + 0.640084i
0.778639 + 14.3692i
-6.97806 + 1.39864i
10.0035 + 7.67976i
-2.73363 - 6.37931i
5.70276 - 3.44106i
-7.31999 + 5.49664i
6.75971 - 8.42011i
4.72705 + 1.3211i
-1.89441 - 10.3368i
-2.45902 + 7.2516i
-6.4404 + 4.20112i
-1.34748 - 1.85288i
0.647482 - 0.725462i
-8.66785 + 3.12688i
8.28208 - 3.3727i
-1.70945 + 5.36612i
1.64536 + 1.53756i
3.32996 + 0.105555i
-3.28146 + 0.103783i
-4.59344 - 1.47163i
-4.25819 + 4.36487i
10.2864 - 4.71263i
-0.649094 + 7.77599i
4.68337 + 4.37437i
-1.65845 - 0.376418i
3.2905 + 5.58053i
-3.20888 + 2.41685i
0.955456 - 8.99238i
-1.01371 - 6.19534i
6.01153 - 6.07125i
-3.63296 - 3.15122i
0.0539534 - 1.23505i
-11.4484 - 5.16341i
-8.98368 - 3.78009i
-7.69227 + 0.204202i
0.608512 - 5.49466i
3.03022 + 6.78782i
-2.19181 - 6.2212i
9.10083 + 0.629187i
2.06878 + 5.3257i
5.14127 + 2.25201i
1.93252 - 3.40876i
3.09136 + 1.47954i
-4.6197 + 2.20827i
-2.52934 - 3.51025i
1.66376 - 8.35883i
1.33355 - 1.88005i
1.42779 - 3.49514i
6.02258 + 0.139859i
-1.15751 + 4.19761i
0.0742805 - 6.78078i
3.52029 + 2.68759i
3.36985 - 1.26892i
0.646244 + 3.06659i
1.74799 - 4.62979i
-12.4842 - 7.66967i
-3.98182 + 0.903682i
-6.0909 - 7.01902i
0.272551 - 2.21612i
6.50783 - 0.866202i
-2.74557 - 8.93428i
-0.156906 + 0.20278i
-3.87872 - 1.69931i
0.842459 + 3.43824i
10.2436 + 2.53018i
-4.89046 + 6.21433i
8.77708 - 0.113452i
-7.97879 + 5.67058i
-8.8039 - 5.512i
-3.31948 + 7.79676i
0.586717 - 6.81827i
4.1952 - 0.191951i
2.83547 - 2.27887i
5.71129 + 5.5481i
-8.67434 - 4.80665i
-0.464802 + 3.72602i
-11.0102 - 3.77354i
5.87782 - 4.79099i
11.0184 + 4.85232i
-6.81038 - 4.44935i
0.00283718 - 2.705i
2.02767 - 6.08222i
2.13264 - 12.0287i
-0.469457 - 10.6207i
0.702549 + 0.407286i
-7.09171 - 1.41875i
4.93245 + 3.73613i
1.08384 + 3.33325i
-3.72355 - 1.30935i
-8.6418 + 7.37723i
3.60739 - 5.29102i
3.79077 - 4.40693i
-0.486475 - 0.548922i
8.87278 - 0.626435i
1.68743 + 2.50521i
4.38227 + 4.50003i
-1.50039 + 1.2059i
-4.45935 - 3.16405i
-3.20174 - 4.5264i
-5.0028 - 6.45171i
-4.1376 + 4.28238i
5.10413 - 3.66025i
0.499353 + 1.17298i
3.17074 + 0.890782i
-10.6147 - 2.61559i
-0.715027 - 0.954295i
-6.51333 - 0.192459i
-6.24166 + 3.86775i
-3.90021 - 3.56503i
-3.96782 + 1.50304i
-3.85807 + 6.68886i
-9.12671 - 1.46219i
3.78704 + 0.334635i
-3.59369 - 3.32024i
-11.0051 - 4.99619i
-2.99542 + 0.0821407i
7.39893 - 1.90048i
-2.21031 + 6.05145i
-10.249 + 5.60314i
-2.92537 + 5.33084i
4.81322 - 0.0866066i
-15.5438 + 3.08013i
-12.0486 - 3.06293i
0.367562 + 0.592154i
7.86153 + 0.265153i
3.05075 + 6.46263i
1.85589 - 5.63139i
10.5983 + 4.50078i
5.06587 - 7.75468i
5.4 - 5.21932i
-1.75409 + 11.9027i
4.66726 - 2.35715i
-3.74845 + 3.99589i
1.859 + 4.46007i
2.58878 + 2.58233i
2.35345 - 3.04242i
-13.7015 + 1.10423i
0.907044 + 2.40116i
6.90814 - 4.76354i
-1.56002 + 1.53973i
-0.212097 - 5.92393i
-6.07557 + 1.71261i
-4.42654 - 2.01046i
2.66074 - 0.013216i
-9.13135 - 1.39733i
5.06746 + 3.84599i
2.83709 - 4.24144i
15.655 + 4.29155i
-1.801 - 0.813419i
4.62062 - 6.53445i
-5.54316 + 2.48964i
-3.34044 + 6.23841i
-6.47418 - 8.96923i
-6.16026 + 1.02046i
1.74593 + 1.59i
-0.506417 + 6.80619i
0.748517 - 3.97157i
0.322851 - 1.77014i
-0.183019 + 2.13661i
-1.37099 - 0.00456429i
6.10925 - 6.5486i
-6.27447 - 2.6617i
-5.17666 + 0.400761i
-0.257884 + 3.64172i
-1.95262 + 1.94467i
3.82578 - 3.04164i
2.69926 + 3.14145i
0.244142 + 4.40189i
-3.91925 - 3.76083i
-1.12999 - 4.28818i
-0.606417 - 4.73213i
2.64918 - 11.3705i
1.60728 - 6.66826i
-2.9749 + 0.278296i
-7.56925 - 1.60679i
9.82348 - 6.73733i
2.02256 + 3.85829i
-1.36463 - 1.90301i
1.8285 - 10.8907i
-8.44487 - 8.33903i
-4.64154 + 7.47428i
1.49136 - 2.26827i
0.734865 - 0.998027i
6.9946 - 3.66883i
2.64578 - 11.0723i
9.51349 - 3.13785i
-8.99677 - 1.91219i
-2.02279 + 2.75148i
1.83645 + 0.86039i
-4.18157 + 2.96909i
6.26798 - 1.35292i
-5.81529 + 0.69231i
0.00802457 + 4.27753i
-0.570029 - 3.09829i
6.55206 + 0.269375i
-6.76465 - 5.13477i
-11.6583 - 3.31212i
0.100521 + 5.09588i
-6.78813 - 9.96201i
-4.37875 + 4.75411i
4.46121 - 4.28187i
-0.622858 - 3.78073i
2.04744 + 5.19263i
-1.82398 - 10.3135i
3.38607 + 3.95503i
6.23456 + 0.691171i
9.62878 - 10.9221i
-3.15419 - 4.98819i
-1.2424 - 2.44262i
1.83838 - 6.04074i
-10.06 + 1.07019i
-5.57437 + 0.333134i
0.136864 + 3.03621i
-6.79291 - 1.69994i
5.11438 - 2.00179i
2.48318 + 7.79085i
-4.79512 - 0.304712i
6.45639 - 8.46358i
-5.12828 + 1.92723i
2.31379 - 10.4799i
1.42994 - 6.8568i
0.224328 - 6.06661i
3.14881 - 2.06481i
3.68371 - 5.40906i
5.18063 + 2.25114i
9.23977 + 5.30826i
-0.730774 - 10.4476i
-0.013473 + 2.67248i
-4.99332 + 0.226084i
-5.3636 - 3.66094i
-1.63412 - 8.40764i
-10.964 - 7.30134i
-6.10433 - 3.27965i
-1.49557 + 1.21227i
-3.41745 - 9.29924i
5.36392 + 4.28764i
1.54865 + 2.93476i
-1.61489 - 2.8538i
-4.87494 + 1.70691i
-0.309924 - 1.4532i
-2.31791 - 7.36511i
0.795119 - 1.09382i
4.16329 - 9.86437i
-12.1418 - 3.45998i
12.8413 + 4.11916i
-3.48399 - 6.25701i
-6.57679 - 7.99851i
1.80858 + 3.43001i
1.66377 - 2.97896i
-1.47201 + 8.25095i
-3.95789 - 11.3507i
2.63011 + 6.14892i
14.1209 - 0.989313i
-1.03743 + 2.21512i
-12.4316 - 1.49543i
-1.08422 + 1.16313i
2.99575 + 3.05814i
-6.43151 + 4.69446i
7.27937 - 9.12235i
9.59011 - 3.15797i
-4.11738 - 0.212219i
3.84973 + 5.87611i
-1.12514 + 8.19368i
-5.7678 + 7.04868i
2.0314 + 11.1128i
-0.751849 - 2.07577i
-2.9655 + 0.638429i
-0.589065 - 1.24612i
8.36007 - 2.84613i
-0.933335 + 1.05417i
1.09798 - 7.36547i
-7.95802 - 6.1459i
3.09689 + 2.58682i
-0.528761 - 1.02228i
4.71468 - 5.91828i
3.14414 - 6.01293i
3.25692 + 3.2763i
4.51723 - 3.78379i
2.66826 - 9.45848i
-5.01156 - 3.04512i
-1.38868 + 4.18799i
0.273109 + 8.30057i
1.51946 + 1.1364i
-0.483046 + 3.0929i
7.44768 + 7.16932i
0.214777 + 1.32507i
1.88059 + 3.00595i
-7.97984 - 0.294157i
-5.8968 + 9.27711i
3.2817 + 4.74837i
-1.17625 + 2.79874i
8.16959 - 0.0407323i
-8.91078 - 6.45607i
-3.63689 - 1.43209i
-0.152497 + 6.36482i
3.40158 + 4.45826i
4.22569 + 2.59765i
1.00777 - 4.76523i
-5.86571 + 5.5446i
2.56012 - 5.48314i
2.03202 - 7.12127i
0.568329 - 11.2184i
-7.62525 + 5.53454i
-6.95146 - 5.8131i
-8.80514 - 0.486115i
4.46077 - 1.78102i
6.06351 - 0.570274i
-2.21866 + 5.17752i
1.17306 + 2.40845i
7.00944 - 1.16353i
1.08959 + 2.42242i
8.78543 - 8.19911i
6.75458 - 1.33359i
0.184319 + 3.61836i
-1.78498 + 1.82144i
-1.93712 + 7.10103i
1.13446 - 0.0421253i
11.4595 - 6.92898i
10.9754 + 5.64173i
-2.63416 + 12.8432i
4.5166 + 3.72027i
-7.56665 - 0.371231i
-13.239 + 3.48356i
-0.963226 + 9.58513i
-3.31425 - 4.0955i
6.60265 - 6.00525i
-3.92916 + 9.40727i
-0.0899484 + 0.216001i
-3.40649 - 3.11533i
-0.108639 - 0.639568i
-3.64107 + 1.47231i
-2.7652 - 5.27798i
-2.82046 + 2.41848i
-1.16646 + 3.97384i
2.96802 - 1.31802i
-2.62063 + 4.57046i
-1.88215 - 0.0742648i
-9.22377 - 0.562634i
1.8362 + 3.81098i
0.511799 - 0.283391i
6.4186 + 0.153779i
-4.34504 + 0.17919i
-4.58887 - 0.63358i
4.25705 - 2.27654i
-0.898558 + 3.89116i
3.64057 + 0.233014i
-0.989872 + 1.69233i
0.596515 - 3.32642i
0.88008 + 11.2247i
0.34161 + 0.305871i
2.27197 + 3.45239i
2.17035 - 5.2649i
2.43492 - 4.57572i
5.23646 - 5.98466i
5.70922 + 3.69477i
6.25014 - 0.645202i
-9.72181 - 10.3103i
-5.58023 - 1.8524i
-1.07677 + 3.38462i
4.2904 + 2.93223i
2.47093 - 1.93799i
-6.86395 + 7.67822i
-7.8818 + 2.57447i
-0.176487 - 4.20754i
-0.379441 + 1.15434i
0.413179 + 2.2685i
-0.688139 - 4.95832i
6.41789 - 8.43456i
-2.93838 - 7.517i
-7.42048 + 1.546i
-1.77898 + 3.00939i
-0.442297 + 5.28181i
8.71172 + 0.459167i
-6.25197 - 13.1138i
-3.42014 + 0.903615i
-5.64144 + 0.707996i
-3.1254 + 7.57199i
-2.01799 - 5.1271i
-3.87006 - 10.3131i
-1.0666 - 1.10598i
5.58013 - 6.36937i
-5.63114 - 1.07502i
9.6614 - 7.53514i
-1.18799 - 7.46591i
2.8167 + 0.32831i
-0.40395 - 1.55104i
0.958516 + 1.27868i
-5.67743 - 4.34166i
0.79597 + 2.32355i
-3.63895 + 7.02656i
-1.12221 + 8.06739i
-1.6221 - 5.58143i
5.46618 + 0.483844i
5.30048 - 9.64757i
-5.48947 - 2.11102i
-4.13074 + 0.703472i
0.106362 - 1.50056i
-1.03855 - 4.34193i
3.82882 + 8.15991i
-4.08714 + 4.6989i
4.07595 + 1.97421i
1.43455 - 3.26416i
4.3757 - 6.30452i
6.91584 - 3.16891i
4.83385 - 5.43573i
8.04447 - 3.51284i
-3.69646 - 0.177379i
1.18411 - 5.63164i
4.93225 + 6.86067i
4.11475 - 3.5985i
-2.21534 - 1.17404i
-2.29614 - 12.0937i
-0.996398 + 7.41452i
2.30404 + 0.936891i
0.0219249 - 1.65268i
2.76792 - 5.11019i
0.535168 - 10.2851i
-11.4037 + 5.67061i
-11.2166 - 2.48807i
-3.61742 - 0.612689i
-9.62352 + 3.57024i
12.9099 + 2.02323i
-1.48845 - 12.6683i
-4.04346 + 5.47536i
-7.57096 - 1.28972i
5.983 + 6.80646i
2.50299 - 10.8778i
8.85089 - 4.42668i
-8.79546 + 9.36981i
-3.74662 - 2.58535i
2.35459 + 4.67595i
-5.21997 - 7.52588i
-4.28048 + 1.30621i
-3.40387 + 7.13278i
2.91718 - 11.1352i
4.75959 - 4.72548i
2.01188 + 9.99303i
-3.77744 + 0.693794i
1.6835 - 5.25119i
1.50582 - 2.95184i
5.21495 - 7.7797i
-0.751309 - 2.05704i
6.03676 - 3.98666i
2.88123 - 6.06511i
4.28054 + 0.949909i
-5.1779 - 5.63538i
10.2604 - 11.9109i
7.15243 + 3.57053i
-0.644082 + 13.3784i
0.90881 - 4.34826i
-2.19027 + 7.6762i
4.31944 - 3.22248i
-3.06194 + 8.51544i
-4.07545 - 2.35846i
6.43729 - 0.642133i
10.1785 - 1.53221i
2.73652 - 14.5427i
-1.92317 + 5.42787i
0.850174 - 1.60029i
3.30475 + 1.814i
0.210379 - 3.84904i
0.339571 + 5.35108i
2.3717 - 0.352571i
2.90536 + 2.99749i
-2.99433 - 4.71319i
2.87234 - 9.86272i
-2.20233 - 2.46617i
4.79268 + 2.09789i
2.53112 + 12.8955i
-5.01897 - 2.48747i
1.41572 - 13.8745i
10.5048 + 2.6559i
4.64139 + 1.37334i
5.75426 + 5.59979i
-3.87431 + 1.43083i
-0.779068 + 0.911223i
-3.00495 + 0.916016i
-11.9311 + 11.7763i
-10.009 - 3.9035i
-8.83136 - 9.22221i
-1.61006 + 2.27486i
3.48755 + 2.26101i
-1.93446 - 8.36291i
-8.72038 - 5.20713i
-1.36999 - 5.64194i
1.16368 + 6.46488i
-5.71504 - 3.55366i
-4.30522 + 5.0037i
-2.94718 + 5.70647i
-0.806523 + 5.32933i
2.57931 - 4.09044i
-2.58904 + 2.94342i
2.12042 - 2.69683i
-1.07139 - 2.51262i
5.71159 + 3.0635i
-0.24022 + 1.19041i
-1.36599 - 5.11849i
-7.64356 - 1.03963i
-7.226 - 1.20746i
0.586627 + 0.079257i
-4.67748 - 1.81002i
3.69988 + 0.707678i
-1.12294 + 1.62255i
3.75838 + 4.12317i
-0.723615 + 2.50119i
-2.47224 - 0.283104i
1.18152 - 0.507019i
-3.60799 + 1.77381i
-0.0702815 - 2.70252i
0.794842 - 5.41529i
-2.22463 + 3.66159i
2.40374 - 1.86804i
-2.58335 - 4.61126i
-4.78814 - 3.07742i
7.67582 - 2.52792i
0.73105 - 1.23661i
2.24444 + 7.33138i
-1.47411 + 3.75369i
1.73436 - 5.49867i
5.32057 + 3.09008i
-6.21326 + 4.03546i
12.0429 + 2.94462i
-3.88009 - 4.95817i
-2.42854 - 2.35521i
-4.11409 - 3.14771i
-5.57361 + 6.50005i
-2.12216 + 0.86066i
1.24302 - 6.93353i
5.6733 + 2.32043i
1.8035 + 0.124319i
2.87935 - 0.0566537i
3.19883 + 6.56797i
7.3056 + 4.79761i
-4.5123 - 1.6392i
-1.43818 - 5.21694i
4.42663 + 11.6111i
-1.7385 - 0.617132i
-1.09485 - 9.0849i
1.09794 + 5.01491i
-3.09132 + 5.93652i
16.1077 + 1.58442i
-1.43361 - 9.05989i
8.02148 - 0.76641i
-3.89894 - 0.917231i
3.25638 + 10.6588i
5.14473 - 0.643389i
4.98544 + 0.230053i
4.67853 + 5.41156i
3.41439 - 5.2453i
7.14497 - 0.186712i
5.11353 + 9.71057i
1.72066 + 5.35871i
-0.0587413 + 1.35229i
-1.50782 + 6.41893i
-0.386109 - 10.2258i
-7.41427 - 2.70522i
-1.33956 - 8.39872i
-0.574664 + 0.481836i
-4.0639 + 1.05719i
-2.06868 - 2.94896i
3.89783 + 3.83602i
3.69039 + 1.06201i
-4.10044 + 4.48721i
-4.94813 + 4.13461i
-2.99748 - 3.29809i
-4.22742 + 4.38098i
7.86313 - 1.70587i
0.267378 + 4.48249i
-4.69693 - 3.69245i
6.99476 + 13.2196i
-3.02638 + 2.70965i
-2.72832 + 3.17583i
-4.5927 + 1.85959i
-9.77408 + 6.36943i
2.10796 - 0.0760937i
-12.2297 - 5.58788i
3.77336 + 1.60946i
-7.49212 - 5.10062i
-0.832841 + 1.42202i
4.41633 - 1.85216i
0.583115 - 4.21165i
7.01773 + 7.28322i
2.41611 + 6.50478i
-3.06488 + 11.676i
-2.00739 + 0.473057i
5.59534 + 8.90779i
-7.08661 + 2.48143i
-3.06404 + 9.26331i
4.87633 - 0.298051i
7.78457 - 0.802513i
0.994143 + 0.33575i
-0.856569 - 7.62792i
5.89306 + 4.50807i
-8.36148 - 2.97912i
2.09847 + 1.0328i
-5.06814 + 2.68762i
-9.91564 - 2.54213i
-0.843684 - 1.4893i
-4.54988 - 3.74516i
3.82341 - 1.4365i
5.95247 - 5.23162i
-6.02084 + 5.66374i
-1.46395 + 6.15315i
-6.88931 - 1.76704i
-5.4041 + 8.86104i
1.71855 - 2.31339i
7.0548 + 1.12948i
-2.63572 + 0.985428i
-6.46566 - 2.32529i
-1.23074 - 2.79085i
4.73563 - 4.98718i
-10.7792 + 10.4744i
-5.19619 - 7.49034i
-5.55016 - 4.91692i
0.847029 - 6.84683i
1.68682 - 8.02133i
-1.56456 - 1.36491i
1.86342 - 5.1944i
2.72364 - 1.95949i
11.7998 - 7.34942i
1.6426 + 5.12817i
-4.25378 + 0.125969i
2.01401 + 8.25222i
1.84187 + 4.09041i
2.06855 - 6.88057i
3.07726 + 2.5263i
9.09058 - 4.39426i
-2.54024 + 2.79931i
3.87113 + 5.90091i
-5.79134 - 6.99883i
7.54589 - 5.52275i
9.19055 + 6.97902i
1.76269 + 0.673441i
1.26248 + 0.587362i
7.02592 + 5.51996i
-9.05965 + 1.09452i
-1.2017 + 4.19779i
0.116874 + 7.48158i
-7.62171 - 3.74195i
0.284767 - 6.92509i
3.53031 + 0.233673i
8.33432 + 12.2014i
-4.7509 + 0.741601i
-5.63631 + 3.60996i
0.48958 + 0.175657i
5.28997 - 9.93128i
4.91126 - 3.34285i
0.761425 - 5.50509i
-3.24655 - 1.26317i
-2.41798 + 1.53083i
-5.49929 + 0.580951i
-5.34903 - 3.52417i
11.1179 - 2.2674i
1.60852 - 0.949999i
-3.08354 + 11.6476i
-5.77094 + 1.90826i
-1.73581 - 4.30888i
-7.17955 + 4.40634i
-1.76483 - 2.15531i
-4.43567 + 6.70497i
-1.31661 - 1.98225i
-3.54566 - 4.44001i
-8.03993 + 9.87435i
-6.6855 + 0.331982i
-6.31469 + 6.65356i
-1.55637 + 9.9676i
0.708768 + 1.00522i
-2.1288 - 6.62481i
6.96794 - 7.5298i
6.58159 + 5.69512i
2.90297 - 3.94488i
-3.22461 + 0.184977i
-5.70506 + 5.70779i
5.22538 - 2.92856i
-0.976545 - 6.63843i
1.81784 + 2.18716i
-1.50569 - 1.7538i
5.61235 + 2.72249i
-7.38079 + 3.3665i
-4.72969 - 4.39553i
-7.46834 + 13.7951i
4.35084 + 10.3092i
0.762391 - 2.71652i
-5.89252 - 2.27623i
1.56709 + 0.421551i
6.81336 - 0.21253i
-1.72628 - 0.257598i
9.37903 + 4.97397i
2.4826 + 3.04525i
-0.328096 + 1.60127i
-6.36075 - 4.36332i
0.229256 + 6.1173i
-0.196139 + 5.37998i
-2.38855 + 2.38368i
-0.677238 - 5.12817i
-9.61264 + 3.77194i
5.58132 - 3.37247i
5.6941 + 6.2876i
0.738516 + 0.688807i
-2.71669 + 3.21461i
-2.34249 - 1.73538i
4.5499 + 4.45866i
-0.819509 - 2.61406i
2.44036 - 5.42266i
0.318027 - 3.85831i
5.02428 - 0.000471354i
2.96797 - 0.132947i
4.64841 + 2.66838i
0.439083 + 1.48292i
0.206924 - 3.56113i
-1.15557 - 2.81616i
3.74153 + 7.86066i
-3.98298 - 9.65646i
-0.909471 - 8.74056i
-3.53302 + 0.403317i
5.41357 + 1.54976i
-0.401549 - 6.1646i
-8.35747 + 2.58295i
-6.32534 + 4.76075i
5.49624 - 4.98725i
1.54584 + 4.40956i
-3.15265 + 7.88898i
-3.77104 - 7.76912i
2.39352 + 4.39651i
3.38834 + 0.781977i
-1.84135 - 4.14431i
0.95367 + 3.74952i
0.828213 - 4.70721i
-3.41641 + 6.22537i
7.82288 - 17.0029i
-3.06122 + 5.78039i
4.37053 - 6.5075i
5.67211 - 1.52214i
-1.8992 - 2.04593i
3.04366 + 3.82959i
-11.9111 - 2.80985i
-9.16125 - 0.983439i
-5.77042 + 6.23624i
-6.19913 - 3.85453i
-11.8937 + 6.40136i
-2.1554 - 2.59783i
-1.67886 + 2.44737i
7.68949 + 2.11305i
6.63364 + 2.16013i
-9.78998 + 3.32204i
-1.31505 - 1.28184i
2.5484 + 1.50551i
0.990356 - 4.83608i
-3.73615 - 0.947434i
-3.75724 + 6.51073i
9.72844 - 8.23312i
-9.23636 + 3.97623i
9.96474 + 4.38568i
-3.12009 - 1.0111i
1.45586 + 7.57055i
-5.53888 - 1.56446i
-5.30717 - 3.46348i
1.42647 - 4.25392i
1.44325 - 3.65307i
-3.3406 - 9.24805i
4.72047 - 9.45313i
-5.85153 - 2.12194i
-5.73272 + 2.77406i
5.50306 + 0.270912i
1.75973 - 0.836868i
-4.62376 - 1.74762i
-3.14495 - 2.83522i
-2.66767 - 1.3241i
-5.94582 - 0.657811i
1.3443 + 3.10167i
7.20846 - 6.00588i
5.03331 - 10.458i
-1.22395 + 6.18446i
-11.8473 - 11.1888i
12.5777 - 13.1882i
4.57021 - 1.61308i
-1.85415 + 2.10399i
-6.31215 - 8.39378i
1.81994 + 0.370615i
-4.48549 + 2.63752i
1.31431 - 9.48769i
-4.45822 - 0.344501i
0.194542 + 0.858424i
-0.155953 - 3.20011i
2.35733 - 0.0395913i
-4.08097 - 1.88172i
6.95814 - 3.75437i
10.5946 - 4.411i
0.00499296 - 1.10834i
-3.12254 + 8.36269i
-3.25908 - 0.0498005i
-1.35054 + 2.1076i
-2.12017 - 2.34135i
2.26147 - 1.8408i
-7.40233 - 0.10698i
-2.1026 - 1.53574i
2.30836 + 9.88065i
-3.65478 + 7.41704i
-4.53645 + 3.15583i
2.48543 + 2.97371i
1.76394 + 1.61709i
1.63398 - 3.23131i
-7.00943 - 2.78807i
9.94734 + 3.18452i
-2.58299 - 6.05588i
-1.84793 - 8.33123i
-2.05521 + 3.37069i
-10.6595 - 1.18529i
5.19441 - 6.74859i
-1.98692 - 8.34336i
-0.739072 - 0.491902i
-3.84459 + 0.984569i
-3.941 - 6.2174i
0.133078 - 5.75433i
2.40816 + 3.5599i
5.30169 - 3.65127i
0.110327 + 8.79827i
3.73659 - 3.89212i
-1.13535 - 4.2793i
3.86888 - 1.89273i
-2.75694 - 7.11034i
-3.25956 + 5.69407i
6.80923 - 2.98986i
1.82398 - 5.94051i
0.0560431 - 1.4897i
1.4878 + 8.9269i
1.85162 + 5.34874i
5.55639 - 4.95623i
2.4582 - 5.44586i
-12.234 + 2.9925i
-10.0015 - 5.69154i
-3.75787 + 0.575159i
0.974788 + 3.77291i
0.410749 + 2.06653i
2.59042 - 2.20995i
-0.0615962 - 4.25136i
-0.510304 - 4.30287i
2.33822 - 0.296864i
12.0869 - 1.89962i
-5.53051 - 5.26824i
3.18068 + 6.4317i
-4.5436 - 8.04212i
-1.12708 - 4.49107i
-4.54953 + 0.771757i
2.53295 - 2.64973i
-3.97193 + 3.24734i
-2.30631 - 0.146156i
-5.65537 + 5.75659i
-3.74844 - 0.0403094i
4.56766 + 0.773146i
4.93396 + 12.1079i
-4.7625 + 6.2177i
2.24408 + 5.22274i
0.313223 - 8.35918i
-1.73419 + 4.84088i
4.98913 - 0.74962i
-4.66751 - 1.03757i
-7.10089 + 7.39936i
1.53321 - 4.38529i
-0.0850939 - 10.0895i
8.32275 - 2.69027i
0.409625 + 7.27412i
4.53843 - 4.03508i
2.76742 - 2.4397i
1.69336 - 4.69157i
-0.979548 + 14.7672i
5.84162 - 5.59858i
-3.4885 + 2.58441i
7.62001 + 2.67313i
-2.28021 + 2.25626i
4.638 + 0.595461i
7.34064 + 2.35656i
2.57617 + 8.39177i
-1.34741 - 7.21567i
-6.85826 - 3.63966i
2.02094 - 0.641246i
0.559548 + 0.809654i
-0.111029 - 0.557431i
-8.17198 + 3.3749i
-9.60672 - 10.7853i
-1.17308 - 6.8682i
-3.10929 + 3.85656i
-0.523676 - 12.4109i
-16.8291 + 5.46616i
-2.00831 - 3.04885i
-5.89576 - 3.07261i
-2.27291 + 1.61302i
-8.34749 - 4.70475i
-6.44637 + 0.824844i
-6.98555 - 8.5774i
2.18733 + 7.34165i
1.113 - 10.6725i
-5.60366 - 4.39167i
-2.80959 - 1.74238i
0.385603 - 2.27129i
8.45208 + 6.76903i
2.53988 + 2.80364i
-3.02876 - 10.5659i
-0.387836 + 8.78445i
5.51946 + 0.144014i
6.80235 - 8.60381i
6.87452 - 2.93652i
-1.64871 - 1.97597i
8.8759 - 1.68515i
-10.0075 + 4.35098i
3.7758 + 3.60132i
5.46461 - 3.72184i
4.35096 + 1.93575i
1.55396 - 5.69128i
-11.7901 + 2.05053i
-6.20797 - 2.68674i
1.91621 + 5.64498i
-1.59327 + 2.98157i
4.95322 - 1.90886i
3.83279 + 1.34592i
1.73519 - 8.01474i
2.74119 + 3.60515i
-5.53008 - 4.44877i
0.587842 - 5.31773i
-0.31774 + 3.00073i
-2.52506 + 1.96672i
2.50932 + 6.26867i
0.828347 - 1.05841i
-4.17019 - 6.8696i
-2.63 + 1.57767i
0.895414 - 3.00154i
-1.44862 - 3.40394i
0.864871 + 0.504022i
-9.43993 - 0.656604i
-1.54435 + 4.0892i
5.05658 - 0.77974i
-2.26876 + 0.291112i
5.81195 - 4.89973i
-3.11361 + 2.71267i
-2.02603 - 1.69944i
2.18887 + 1.19238i
-1.70253 - 2.52587i
-1.40612 + 5.36667i
-8.08195 + 0.0455669i
-0.783681 + 3.73565i
-8.67703 - 6.19576i
9.53104 + 4.26752i
2.8243 + 1.05604i
