//czasowy przebieg sygnalu
6.06578
6.26489
5.90675
5.82732
6.14812
5.94422
5.80079
5.90919
6.18171
5.98015
5.86714
6.108
5.95085
6.22609
6.02204
5.90669
5.99492
6.21532
6.06372
5.87763
5.93438
6.13447
6.26655
5.83706
6.15606
6.23971
6.2877
6.03757
5.79816
6.07321
6.05597
5.77612
5.88839
5.97038
5.8524
5.94946
6.12855
6.20887
6.04153
5.94985
5.76203
5.75111
5.84913
6.25664
6.18909
6.06166
6.09852
5.90685
5.80044
6.24479
6.17408
5.72501
6.11732
5.91592
6.09796
5.98045
5.82675
6.20962
5.94942
6.09366
5.70483
5.81534
5.89642
5.91371
6.04975
6.08475
5.86543
6.29297
5.80267
5.97522
6.20769
5.92209
5.76277
5.76036
6.16182
5.89465
6.18183
5.9792
5.93666
6.11585
6.2411
5.98566
5.85777
5.95315
6.26759
6.26286
6.23521
5.90294
5.82178
6.11641
5.73691
6.22371
5.9538
6.10582
6.22402
5.92357
5.85425
6.19928
6.12198
6.25036
5.78498
6.20183
5.80841
6.10146
6.08946
6.10592
5.89526
5.81354
5.94973
6.08868
5.84498
5.72909
6.23081
5.87933
5.7128
6.09911
6.03245
6.27538
5.92311
6.10441
5.92084
5.82148
5.89863
5.96368
5.91611
5.99637
5.87516
5.96031
5.93423
5.84003
5.80254
5.81004
6.01989
6.01468
5.99169
5.92183
5.77019
6.15583
5.82536
6.21317
5.87455
5.88146
5.91689
5.84468
6.13559
5.91744
6.1274
6.08255
6.01068
5.86423
5.80252
5.97561
6.17178
6.10606
5.70941
6.18738
5.75201
6.27867
5.97289
5.7361
5.97819
6.03649
6.07956
6.27214
5.78007
5.82028
6.074
5.77268
6.21859
6.02873
6.29228
6.10736
6.14974
6.11948
5.85231
5.96556
5.70594
5.91479
6.16509
6.29072
6.1455
6.11823
5.97557
5.86213
5.70109
5.73513
6.02064
6.23064
6.15739
5.95817
6.05771
5.84016
5.77043
6.21254
5.84175
6.28733
6.27938
5.8076
5.92982
6.05547
5.71782
5.84576
6.09856
5.81799
5.82015
6.09475
5.91436
5.90657
6.12233
5.96065
5.74225
6.15451
6.02026
6.10768
6.23028
6.09372
6.15921
5.78152
6.23415
5.84389
5.71066
5.7496
5.76153
6.27237
6.00112
6.08864
5.87526
5.91199
5.92151
6.16214
6.09201
5.89871
6.05188
5.8227
5.9425
6.02275
6.12169
5.98422
5.97777
5.9537
5.94917
5.72229
5.75225
6.28148
6.0923
6.24403
5.76876
6.1444
6.18107
5.82284
5.84871
6.09103
5.92577
5.93907
5.93124
6.10961
5.98465
6.0332
5.95072
5.94001
6.02999
5.90837
5.72309
5.93952
6.07241
5.88049
5.93622
6.23562
5.8096
6.18418
5.84334
5.74831
6.26496
5.89414
6.21594
6.05696
5.87194
5.80311
6.11556
6.03662
6.2431
5.82193
6.19467
5.98569
5.89179
5.81151
6.12003
5.99461
5.96539
6.06532
5.76882
5.95718
5.74091
5.80296
5.95983
6.13124
6.28223
6.0457
6.25793
5.96337
6.06
6.13973
5.84911
6.28085
6.12212
6.21242
6.12218
6.06983
6.0992
5.77407
5.75472
6.26959
6.26029
6.09141
6.14772
5.94433
5.97627
5.78361
5.73729
6.02206
6.00477
6.18624
6.01546
6.14466
5.97444
6.22086
6.08376
5.91122
5.92385
5.72999
5.83337
6.1594
6.26243
6.19991
5.92759
6.15733
5.75816
6.24785
6.19142
5.93484
6.0698
5.96916
5.89454
6.19623
6.08294
6.22678
5.98186
6.27052
5.82773
6.21156
6.0631
6.08574
5.98219
5.70286
5.91868
6.08896
5.86733
5.88277
6.25122
6.06497
5.95198
5.85986
5.88845
5.9798
5.8528
5.72014
5.86003
6.03813
6.13513
6.09724
6.01377
5.90476
6.26445
5.72315
6.15613
5.90743
6.00696
5.8899
5.89185
6.28815
5.72644
5.87237
5.89243
5.86143
5.71382
5.87507
5.89274
5.7376
5.98157
5.79219
5.83145
6.10862
6.15644
5.92311
6.21843
6.05834
6.13195
6.122
6.00246
5.79752
6.07486
5.96186
5.88868
5.98254
5.94065
5.7379
5.71119
5.91916
5.75132
5.7281
6.14699
5.74781
5.70811
6.21872
6.02932
6.03137
5.98073
6.01681
5.8786
6.11308
6.05798
5.87654
5.70291
5.77862
5.82397
5.96567
5.94593
6.1126
5.91611
6.08452
6.26093
5.92448
5.74593
6.1854
6.02511
6.01829
5.92294
5.70716
5.90981
6.27196
6.13572
6.09404
6.10938
5.81525
5.8414
5.97902
5.87709
6.1559
6.06598
6.10074
5.76175
6.19103
6.05454
6.20726
5.88824
5.87881
6.14608
6.03592
5.73471
5.8574
6.13137
6.20782
5.98354
6.00464
5.78277
6.11041
6.16571
6.09258
5.89438
6.12357
5.77925
5.77246
5.8924
6.24236
5.77771
6.07185
5.82375
6.19875
5.70712
6.1011
6.18485
6.25995
5.74391
5.93891
5.99605
5.82585
6.02956
5.7653
6.19847
5.98702
5.71034
5.77377
6.207
6.02694
5.72837
6.11881
5.86394
5.94529
5.84587
6.12126
5.84896
6.08656
6.20908
6.22078
5.84835
6.12346
6.2449
5.73336
6.07622
5.85701
6.05274
6.24038
5.86927
6.05265
5.88038
5.72688
5.77823
5.83879
5.798
6.21117
5.88006
5.87821
5.71706
5.74391
6.12756
5.78753
6.16883
6.1149
5.77752
6.25253
5.78331
5.94986
5.97687
6.25063
5.90763
6.1272
6.2023
5.87544
5.81754
6.16071
6.17552
5.97237
5.77509
6.15928
6.13946
5.94838
5.72941
5.81361
6.15523
5.7828
5.8469
5.8892
5.74232
6.1558
6.16687
6.21416
6.14814
6.07773
5.9671
6.19765
6.01069
5.75354
5.92127
5.81449
5.94375
5.7538
6.01655
6.15335
6.00875
6.18393
5.7958
6.25236
6.00962
6.25511
6.12582
6.20479
6.07342
5.90634
5.7358
5.82383
5.70821
5.72963
5.71785
6.24322
5.87086
5.97308
6.02075
6.107
6.28877
5.94226
6.22897
6.07457
6.03082
6.15398
5.86217
5.8778
6.29556
5.77039
6.21606
6.27174
6.12496
6.16258
6.14769
5.8718
6.25707
5.82225
5.94859
5.92785
6.228
6.21665
5.78415
6.23917
6.0102
5.76358
5.98992
5.70215
6.06252
5.98944
5.98452
6.29275
6.08193
5.77401
5.84052
6.03221
6.13911
5.79482
5.70098
5.87771
6.214
6.23527
5.81236
5.85198
5.98651
5.74527
6.01307
6.2246
5.89557
5.9753
5.74313
6.26502
5.97196
5.77218
5.95737
6.04196
5.97528
6.21945
6.04826
6.23077
5.9993
5.88784
6.05457
5.93472
5.80818
6.16739
5.77818
6.08794
6.12697
5.87104
5.99617
6.27775
5.81353
5.89511
5.94671
5.76924
6.17181
6.1012
5.91808
5.76844
6.06403
5.91039
6.20615
5.8176
5.73706
5.72976
6.09836
6.12123
5.9945
5.88433
5.72399
6.19322
6.24527
5.97872
6.03922
6.22065
5.94806
5.82269
6.07192
6.27111
6.00014
5.84887
5.9345
5.82109
6.2233
5.73848
5.75577
6.21082
6.26334
5.84861
6.00709
5.93358
5.95662
6.08378
5.91678
5.78733
6.13178
6.09746
5.98533
6.00749
5.9299
6.11909
6.25878
5.98112
6.17511
6.23362
5.89166
5.95829
5.92215
6.01048
5.8493
5.81046
5.88669
5.70105
5.87494
5.71327
6.02385
5.94806
6.20366
6.17441
5.84433
6.08834
5.92099
5.71608
5.9057
6.26906
6.03569
6.11237
6.01389
5.80307
6.09848
5.75428
6.0621
6.1412
5.8718
5.82739
6.23568
5.79665
6.01469
5.84806
5.77662
5.76278
5.86994
6.10378
6.0211
5.75197
5.96901
5.90458
6.01435
6.15763
6.27683
6.02155
6.09322
6.22877
5.84305
5.99314
5.82639
5.8851
6.18021
5.74503
6.07987
6.27224
6.01785
6.10582
5.92374
6.10077
5.84359
5.96511
6.20392
5.92981
5.92746
6.22069
6.27588
6.06856
6.03459
5.86269
5.72956
6.10035
5.96812
6.24778
6.23209
6.09494
6.03923
6.05446
5.8759
6.13733
6.16276
5.88143
6.04094
5.85285
5.84296
6.10537
6.16252
5.76993
5.8414
5.80338
6.12284
6.19961
6.04991
6.19118
5.99419
6.13635
5.99918
6.29376
6.197
5.79151
5.7867
6.01637
5.97758
5.89256
6.21558
5.75232
6.02251
6.24165
5.8291
5.93467
6.11851
5.93832
6.15686
5.99838
6.00593
5.72188
6.18569
5.89807
6.22878
5.84857
6.15003
6.15429
5.87531
6.19512
5.95064
5.90346
6.05178
6.00753
6.05644
6.17353
6.10556
6.26229
5.99342
5.93943
5.79338
6.11895
6.19402
6.04086
5.72573
5.94604
5.86285
5.73241
5.80163
6.08281
6.02222
6.06229
5.82083
6.14632
5.80127
6.25905
6.18966
6.20416
6.12241
6.07559
6.05204
6.27783
5.88199
5.96885
6.12774
6.1483
6.2827
5.71338
5.79391
5.76773
5.7433
6.05222
5.99969
6.23162
6.29183
5.75443
5.88164
5.94352
5.94228
5.98952
6.10508
6.11485
5.93166
6.29208
6.26721
6.26171
6.23996
5.98251
5.94628
5.8628
5.96484
6.24427
6.29847
6.23079
6.26667
6.21787
5.91506
5.76454
6.14363
6.03871
6.28775
5.89055
6.22799
6.01712
5.85238
6.13729
6.17922
6.1598
5.76049
6.08705
5.75408
6.14323
6.04251
6.10757
6.18218
5.84856
5.80162
6.08338
5.9016
5.91857
5.9352
6.01726
5.90432
6.25137
5.78985
5.81204
6.18705
5.96927
6.16634
6.26114
6.16702
6.15536
5.85973
6.249
6.21722
6.07023
5.93051
5.86439
5.77097
5.74584
5.80545
5.7959
6.21076
5.73129
5.92257
5.80186
6.24389
5.82021
6.00359
5.74877
5.75025
6.0368
5.9268
5.96925
6.18384
6.21991
6.26058
5.99699
5.71854
5.88434
5.85559
5.74969
6.02352
5.94383
6.05168
6.15858
5.9586
6.23639
6.03481
5.85183
6.25882
5.81509
5.71856
5.97709
6.21882
5.78337
5.85294
5.80904
6.12243
5.89801
5.85136
5.7128
6.22675
6.16129
6.06935
5.83328
5.88187
6.09152
5.99602
6.06621
5.98229
5.92659
6.0575
6.25565
5.72876
6.0768
5.78744
6.12131
6.24347
6.0307
6.26354
6.04186
6.23301
6.18661
6.2276
5.87511
6.17543
6.21075
5.78858
6.13137
5.78047
6.15481
5.75187
5.81329
5.86712
5.93161
6.03918
5.79501
5.79048
5.77862
6.16566
6.19486
6.16292
5.99715
5.82368
5.83478
6.1433
6.13483
6.01604
6.18707
6.09639
5.95182
5.75701
6.17843
5.89455
6.215
6.08543
6.16713
5.95083
6.21378
5.79574
6.09157
5.86562
5.74656
6.01547
5.84636
6.25832
6.10249
5.88557
6.09793
6.29616
6.01302
6.01075
5.98746
6.21715
6.22719
5.70247
6.21122
6.05507
6.22772
6.0534
6.24583
6.15673
6.0591
6.27964
5.73409
6.20233
6.05724
5.72713
6.26643
6.16662
5.76139
6.13135
6.06797
6.15573
5.80609
6.20388
6.14671
6.00559
5.91093
5.74919
6.05526
5.70383
5.71117
5.97272
6.23051
5.84242
5.98117
5.88989
5.88957
6.12516
6.00282
6.12272
5.73728
6.03654
6.27069
5.87888
6.13031
6.07079
6.17079
6.24603
6.12631
5.94553
5.85694
6.05157
6.17204
5.98558
5.742
5.85207
5.89034
6.21388
6.11112
5.88307
5.89603
6.20722
6.21879
6.19944
5.78209
5.99339
5.86879
5.84192
5.83977
5.8117
5.78794
6.21641
5.94445
5.96655
6.28328
5.84946
5.96334
6.20011
6.05494
5.71283
5.90184
5.94867
6.1688
6.01091
6.28097
6.17369
6.25163
5.81865
5.76257
6.02255
5.73123
5.78054
6.15092
6.06992
5.98471
6.07189
5.87486
6.15367
5.80763
6.06738
5.70048
5.81053
6.1171
6.20867
5.95126
6.05359
5.93719
5.86583
5.80557
6.06838
5.81438
5.77538
5.83801
6.22204
5.99234
5.89657
6.08298
6.21282
5.91774
5.70427
5.98999
6.12476
5.77328
5.80288
5.84241
5.97263
6.2564
5.94713
5.84694
5.71138
5.76992
5.84037
6.17032
5.94821
6.04296
5.83257
5.87542
5.92304
5.91822
6.12225
5.88192
5.80208
5.82085
5.79081
6.18452
5.78004
5.99926
6.23298
6.03065
6.28506
6.17604
6.10998
6.00868
6.19908
6.1265
6.00855
5.85981
5.77905
6.2142
5.84017
5.79759
6.03985
6.1946
6.00609
6.02491
6.21071
5.92008
5.70771
6.10667
6.0464
6.18496
5.95837
5.70319
5.77168
6.19418
5.99366
5.98828
6.03136
6.03353
6.19908
5.86991
5.70246
6.16895
6.22963
6.03036
6.19866
5.94477
5.98878
5.70943
6.18795
6.20755
6.19064
5.85694
6.283
6.25728
5.84119
5.99151
6.06703
6.00545
6.17302
5.74634
5.99992
6.19207
5.8667
5.77776
5.96706
5.83996
6.22918
6.01194
5.73371
6.00087
6.03651
6.03779
5.8547
5.7773
6.14213
5.84039
5.85001
6.14369
5.90131
5.83071
6.26868
6.29201
6.15286
6.12248
6.09539
5.9662
5.74668
6.13735
5.71312
5.86019
5.89449
5.74356
5.80771
5.92849
6.13546
6.29619
6.08726
5.98755
6.07257
6.12992
5.93283
5.91822
6.23876
5.96327
5.82818
6.29045
5.88583
6.08168
5.96908
5.72956
6.1763
6.06306
6.24214
6.17559
5.88444
6.13024
6.1757
5.89277
6.24692
5.804
5.89662
6.22482
5.83812
5.78023
6.15197
6.00129
5.79905
5.93821
6.23175
5.89435
5.98086
5.85969
6.15258
6.28051
5.83515
5.87523
5.78501
5.95118
6.04834
5.86249
5.92839
5.72277
5.98246
6.10565
5.89789
6.01438
5.76545
6.24895
5.73882
6.07033
6.00949
6.18773
5.86193
6.15241
6.07651
5.76642
5.89186
5.98025
5.92643
6.0619
6.07933
5.84962
5.90171
6.01668
5.98812
6.00381
6.01554
6.07165
5.98829
5.97278
5.8966
5.89625
5.80599
5.84547
5.98077
6.05216
5.9275
6.11016
6.02033
6.26822
6.29961
5.71624
5.74484
6.23603
6.27274
5.84577
6.05519
6.021
6.16508
5.93723
5.89195
5.80353
5.90933
5.77448
6.15735
5.84459
5.99926
6.27684
6.0445
6.06755
5.95666
5.90027
6.05474
5.88046
6.18539
6.26207
5.78752
5.83862
5.7325
5.77216
5.9053
5.73844
5.95105
5.75107
6.21986
6.01589
5.80036
6.09709
5.75507
6.07555
6.22532
5.74807
6.12346
5.90505
5.89858
6.15852
6.02091
6.17587
6.1147
6.24454
6.18718
6.00711
6.05177
5.85169
6.20719
5.86765
5.9677
5.93987
5.92099
5.87877
6.17363
5.90899
5.96515
5.93707
5.75311
5.75205
5.88719
5.83765
6.29163
6.26775
6.06312
5.88203
6.16937
6.26669
5.76226
5.91774
5.80336
6.05638
6.17526
6.25841
6.18319
6.22891
6.09553
6.00551
6.01897
5.88982
5.82695
6.12741
6.0426
5.84786
5.96347
6.03853
5.99423
5.7256
6.00044
5.87666
5.93012
5.95306
6.2077
5.91725
6.16552
6.27112
5.92658
5.99924
5.75449
5.90816
6.13051
6.13324
6.06475
6.15639
5.71161
5.9888
6.23026
5.7427
6.11784
6.03328
6.20272
6.23842
6.07249
5.92648
5.95272
5.96502
5.80435
6.22412
5.94128
5.91934
6.07738
6.13758
5.97613
6.15053
5.97028
5.93415
5.85735
5.88598
5.70527
6.14162
6.14478
6.1382
6.27976
6.05459
6.24282
5.72911
5.85918
5.75798
6.27065
5.98291
6.19589
5.7414
5.76186
6.10659
5.90126
6.2901
6.25906
5.80701
5.83991
5.72776
6.13262
5.74477
5.72077
6.19035
5.813
6.20771
6.12054
6.10809
6.22898
6.06466
5.79265
5.95873
6.06915
5.77279
5.92151
6.02578
5.7828
5.79472
6.2642
5.94746
5.94186
5.96409
6.05103
6.13099
5.96462
6.20766
5.82168
6.07207
6.27013
5.88885
6.08256
6.08781
6.10583
5.91762
5.92317
5.95279
5.93869
5.78167
6.28938
5.8702
6.11417
6.00165
6.06991
6.05894
5.86645
6.02927
5.9434
5.91014
6.21614
6.04202
5.87451
6.17676
6.11812
6.25226
6.08994
5.84176
5.85357
6.04248
5.88472
5.7616
6.16419
6.29776
6.05909
6.21658
5.99394
5.81817
6.08802
6.14721
5.99436
6.09867
5.98327
6.18779
6.02716
5.92395
6.07596
5.83476
5.72409
5.81177
5.91337
5.81603
6.05478
6.05733
6.18674
5.71951
5.74644
5.92229
5.8096
6.16012
6.22517
6.28886
6.07619
6.22058
6.19525
5.93233
6.03597
6.21104
5.90861
6.0014
5.73392
5.73952
6.20835
6.13713
6.03054
5.87073
5.81741
6.22155
6.12991
5.76664
6.11796
5.9542
5.98118
6.15995
6.01259
5.96308
5.8034
6.25364
6.28637
5.77335
5.90757
6.07293
5.82825
5.76742
5.95947
6.08141
5.93692
6.04091
5.86121
6.22827
6.18004
6.05285
6.1076
5.76935
6.11839
6.29942
6.0292
6.22356
5.78512
5.93433
6.02817
6.20244
5.96001
6.27632
6.24823
6.1815
5.91326
5.87322
5.99952
6.23352
5.74546
5.89994
5.94288
5.83349
5.80213
5.96276
6.0299
5.74783
6.19587
5.97291
6.03855
5.92849
5.98071
5.96673
5.87011
6.07416
6.27572
6.20655
6.19709
5.89646
6.15472
6.28147
6.08473
6.10618
5.98774
6.10317
6.20744
6.26298
5.8734
5.79698
5.82479
5.84089
5.84984
5.93582
5.99093
6.19681
5.76246
6.14825
6.04604
6.17315
6.25704
5.93919
6.16534
6.14877
6.15331
5.72238
6.03699
5.72514
5.87431
6.13169
6.15352
5.8051
5.75609
6.04941
6.19259
5.73139
5.94665
5.99158
5.72078
6.07523
5.9564
5.91354
6.12164
6.02019
5.83651
6.00603
5.9167
5.77029
6.15655
6.2598
5.92685
5.89002
6.01837
5.8875
5.70266
5.97086
6.03668
5.99926
5.75209
6.19245
5.94471
6.22414
6.09095
5.85798
5.98281
5.73763
6.16604
6.15493
5.74446
5.79534
5.79105
5.7226
6.01575
5.90204
5.7057
6.01187
6.00185
6.01239
6.186
6.09263
5.98456
6.10263
5.73583
6.01541
5.71802
6.07735
5.97295
6.26247
6.14388
5.86927
6.12398
6.10277
5.94073
5.88938
5.7407
6.09497
5.74867
6.25448
5.85135
6.07186
6.04012
5.92463
6.08117
6.1346
5.84774
6.04771
6.14325
5.811
6.03919
5.96708
6.27197
5.94261
6.22998
6.03278
5.72895
6.22577
6.01592
5.91858
5.85952
6.08971
5.86705
6.06156
5.77527
6.08847
6.05767
6.13446
6.20726
5.99368
6.13882
5.73522
5.86432
5.85541
6.03918
6.06979
5.74578
5.94173
6.05522
5.7791
5.86317
5.89637
5.7648
5.91486
6.27318
5.81454
6.05007
5.96582
5.93224
6.23216
6.21867
6.15613
5.84895
6.14996
5.87221
5.93661
6.26216
6.03225
5.74518
5.95651
5.92059
6.09973
6.16897
6.14645
5.79946
5.74796
5.7255
5.83834
5.95547
6.25797
6.08667
6.03998
6.12527
5.81828
6.08378
5.789
6.09504
6.06848
6.03537
5.9388
5.96725
6.17109
5.88227
6.14634
5.91865
6.23612
6.15973
5.9512
5.861
5.95614
6.25876
5.92105
6.25569
5.74448
6.21692
6.29901
6.07137
6.02988
6.28083
6.05472
6.02611
5.83723
6.24135
6.22034
6.27503
5.92594
5.75273
6.27893
5.98913
6.13469
6.1767
6.05216
6.25749
5.92267
6.28242
6.18717
6.07352
5.93708
5.71385
5.77537
6.22715
5.93968
6.1184
6.27743
5.79799
6.05436
6.19849
6.05197
5.73611
6.11165
5.85698
6.19066
5.72569
5.75518
6.27626
5.96299
6.15799
5.80905
5.90758
6.21323
6.17422
5.9303
5.85284
5.81005
6.26465
5.89481
6.12113
5.93022
5.85559
6.18883
5.84292
6.02841
5.99329
6.07087
6.09492
5.92268
6.03815
5.96296
6.00153
6.2994
6.04374
5.96619
5.71476
5.849
5.92285
5.91207
5.79877
6.04713
5.80524
5.71098
6.01981
6.19081
6.04055
5.77303
6.1325
5.97892
6.11823
5.74166
5.7556
6.07131
5.92289
5.71986
6.09705
6.11855
6.03053
6.14182
6.10723
6.10497
6.19014
5.77833
5.8836
6.26304
5.86443
6.06903
6.06886
6.04551
6.0675
6.01137
5.7919
6.16327
5.89863
6.00602
6.27245
5.83713
6.25502
5.84469
6.28829
5.95867
6.17131
6.04007
6.10348
6.10543
5.8025
6.2617
6.23367
6.23826
6.18812
6.15569
5.80663
6.0666
5.81224
5.88302
6.10561
6.12666
6.00009
5.8588
6.13041
5.97163
5.78078
6.12708
5.87604
5.89296
6.2771
6.17387
5.98933
6.0988
5.86559
5.92572
6.15163
6.08512
5.92862
5.75595
6.12241
6.15655
6.15784
5.7561
5.79385
6.02805
6.03895
6.13849
6.01411
5.82561
6.15607
5.71909
6.08698
5.73375
5.85047
5.70957
6.15287
5.77409
6.0637
6.23677
5.89156
6.0009
5.82064
5.79555
6.03825
6.00328
6.13604
6.29374
5.89653
6.17347
6.02081
5.77384
6.00889
6.02264
5.75213
5.76411
6.01605
5.72445
5.76378
5.71017
6.01586
5.9255
5.71057
6.13135
5.8951
5.82334
5.96664
5.85479
5.97109
6.22575
5.96252
6.05182
6.17895
6.16051
6.12648
6.16935
6.07591
5.75553
6.17853
5.99296
6.17581
6.01082
6.27246
6.15321
5.91482
5.74989
5.87048
5.99343
5.99584
6.1789
5.94259
5.95423
6.02897
5.9058
5.92876
5.94618
5.84937
6.29347
5.90431
6.25888
5.74669
6.03956
6.12199
6.14763
6.02735
6.04072
6.2119
6.28603
6.07628
6.10933
6.00403
6.05643
5.91305
5.96669
6.14596
5.94812
6.14834
5.83383
5.99314
6.1398
5.79057
6.23483
5.95419
5.90489
6.20434
5.8429
6.12524
5.99823
5.76959
6.09826
6.28432
5.70621
6.00237
6.18328
5.96785
5.92544
5.88968
6.27176
5.92557
6.24488
5.98486
5.75551
6.08208
5.70996
6.24575
5.82163
5.76239
5.77845
6.25038
5.77818
6.29295
6.03315
6.09855
6.08495
6.06026
5.74108
6.03825
6.09199
5.81636
6.23587
5.9218
5.70796
5.91004
6.10994
6.20062
6.13179
6.28144
5.86837
6.04321
6.27038
6.29859
6.17941
5.88622
6.27718
5.8616
6.1578
5.8088
5.91175
5.95737
5.96548
6.07777
6.26723
5.8493
5.75016
5.77079
5.89266
6.25477
6.19332
6.13011
5.91096
5.96765
6.18637
5.72566
5.91347
5.95903
6.29728
5.95453
5.73576
6.04549
5.79886
5.92055
5.82329
6.06716
5.95575
5.89474
5.94144
6.17987
6.17645
6.19564
5.94336
6.23851
6.02828
6.145
6.01894
5.9369
6.22013
5.91648
5.95134
6.0142
6.24851
6.27811
5.84007
6.08262
6.14774
6.12569
6.10026
5.87302
5.82634
6.17445
6.18199
5.9164
6.06524
6.02483
6.06357
6.11116
6.16678
5.70544
5.96507
6.03112
6.21914
5.82204
5.92214
6.16954
6.019
5.92235
5.82828
6.05747
6.20694
5.78343
6.25052
6.28906
6.29725
6.10267
5.98923
5.78515
6.26249
6.00299
6.03291
5.94306
5.72146
6.11545
6.11878
6.26331
5.9563
6.16202
5.89284
5.8578
5.70877
5.80628
5.87977
5.79598
6.04951
6.21111
6.11556
6.28715
6.09778
5.99405
5.93541
6.02961
5.94419
6.24656
5.75343
5.83393
5.82043
6.06444
6.29177
5.99915
6.14277
5.79688
6.04537
5.93934
5.98076
5.70838
5.7803
6.2767
6.20463
5.71426
6.20927
5.9074
5.95839
6.14006
5.79771
6.16549
6.09664
6.00623
5.99621
6.2562
6.27413
5.81258
5.88225
5.82588
6.17289
6.00527
6.18065
6.10865
6.00361
6.00569
5.9702
5.88201
6.11203
5.84326
6.10138
5.79425
5.83806
5.83809
6.28226
5.87876
6.04916
5.71372
5.93835
5.82318
5.94154
5.91034
5.85428
5.70538
5.98828
5.91112
6.27754
5.99304
5.89638
5.82897
6.16967
6.27963
5.85615
5.9144
5.80619
6.26784
6.07091
5.81041
6.13722
6.29561
6.24817
6.12113
6.11016
6.25835
5.96132
6.02922
6.01478
6.011
6.21613
5.86649
5.82203
6.01184
5.92104
5.98098
5.85333
5.79831
6.00383
6.20711
6.14964
5.86328
5.88939
5.87361
6.01751
6.01177
5.98531
6.09117
6.15555
5.83594
5.97633
6.01058
5.99508
6.07836
6.18878
5.97465
5.84803
6.0851
6.17782
6.098
6.12155
6.28903
5.96359
6.14671
6.02088
6.13396
5.89387
5.86464
5.79415
6.09032
6.02735
5.74995
6.22608
5.73385
5.92726
5.94361
5.82103
5.99976
6.07435
6.28114
5.94111
5.89234
5.78218
5.8178
5.78409
6.06365
5.8074
6.00052
6.0457
6.14041
5.82062
6.18526
5.73128
6.10709
6.09571
6.03854
5.70196
5.91309
5.93363
6.05895
5.92782
6.04001
6.0721
5.92233
6.13416
6.0097
6.26709
6.22359
6.14156
5.92079
5.94242
5.91367
5.84309
5.9579
5.98363
5.92746
5.70884
5.90426
6.22695
5.93685
5.94698
6.0031
6.27105
5.79002
5.89979
5.90635
5.7772
5.78995
5.78079
5.82586
5.73084
5.8124
6.06593
6.06655
5.85537
6.07675
5.82865
6.02543
5.81635
6.03633
5.87523
5.99661
5.82767
5.8105
5.94932
6.08851
5.91396
5.91557
5.94615
5.76348
5.8141
5.95025
5.81425
5.93358
6.1028
5.95298
5.88763
6.24301
6.14103
6.23292
6.05098
5.99812
6.25848
6.06712
6.09005
5.82995
6.01255
6.028
5.85062
5.86464
6.21554
6.09628
6.18195
5.78012
5.93745
5.89929
6.15151
6.03632
6.03605
6.06723
5.95117
5.94285
5.84595
5.77602
5.9967
5.74945
6.02106
5.78918
5.80124
6.11645
5.94572
5.78249
6.1191
5.97251
6.10562
6.13215
5.92986
5.9379
6.17128
6.12085
5.90754
6.03487
6.04711
6.22136
6.17727
6.16862
5.77346
6.01957
6.01485
6.01361
5.84518
5.87515
6.20204
6.24374
6.05393
6.10644
5.92366
6.0363
5.87725
6.12203
6.04715
6.13566
5.90693
6.04084
5.85901
5.95629
6.09446
5.81364
5.94057
5.73462
6.06785
5.86445
6.05606
6.21368
6.04875
6.14155
5.7034
5.97411
5.92417
5.86219
5.73974
6.26567
5.99416
5.82357
5.90562
5.94116
5.87819
6.26761
6.29186
5.99683
5.72948
6.04888
5.8702
5.98579
5.8437
5.91252
6.1966
5.97234
5.75825
5.85867
6.06537
6.26236
6.05977
5.83394
5.7232
6.21554
6.03347
6.06302
6.01931
6.05533
6.02159
5.8375
5.96312
5.97113
6.1644
6.21164
5.97242
6.24324
5.91779
5.97447
6.20769
5.78734
6.02954
6.14465
5.99803
6.05444
6.25225
5.82671
5.93328
5.88175
5.74993
6.10066
6.07975
5.71066
6.10907
6.24096
5.78172
6.24371
5.9087
5.72618
5.94952
6.2625
6.16173
6.13554
6.02697
6.2425
6.02247
6.03277
5.88849
5.78722
6.00181
5.78119
6.21275
6.18431
6.01201
6.21059
6.25413
5.98925
5.94958
5.94091
6.04849
5.81161
6.20717
6.07763
6.12824
6.22426
6.13205
5.91593
5.86357
6.01358
6.15672
6.10163
6.14967
6.12311
5.95608
5.99769
5.79082
6.10651
6.02843
5.84234
5.94125
6.1364
6.05431
5.7081
5.73556
6.28239
5.77367
6.28537
6.11776
5.82466
5.77419
5.76438
6.08298
5.93776
6.11403
5.7193
5.97906
5.94103
5.91089
6.0292
6.06703
5.94361
6.23347
5.90824
5.98993
5.7666
6.26248
5.89936
6.13975
5.92795
5.88632
5.7329
5.92235
5.9585
5.95677
5.91751
6.11847
5.78628
5.88398
6.03339
6.27572
6.16433
6.02314
5.9258
6.0093
5.97169
5.80353
5.851
5.76049
5.74795
6.09139
6.08163
6.09309
6.13036
6.19833
5.76259
6.05439
5.78319
6.23798
6.186
6.11675
5.85616
5.93899
6.16518
6.12844
6.02307
6.22029
5.98989
6.23599
6.19285
5.82731
5.91813
5.71612
5.8911
5.70773
5.73107
5.91984
5.72725
6.00275
5.79602
6.17286
6.1804
6.11566
5.96048
5.96309
6.10929
6.01103
6.11099
6.0508
5.92146
6.10356
6.09402
6.28284
5.93563
6.00097
6.26424
6.10746
6.03939
5.74242
5.75771
5.96626
6.25373
6.26801
6.03592
6.2769
6.13881
6.10768
5.71374
5.89018
6.23785
5.86841
6.29438
5.70296
6.03078
5.96048
5.77763
6.29525
5.83358
5.80688
5.92595
5.79634
5.71906
6.29037
5.72717
6.14509
6.27107
5.87639
6.12418
6.29854
5.75177
5.78633
5.96214
6.06811
5.91928
5.81125
6.16984
6.23289
5.88469
6.16636
5.71071
5.93864
6.03336
5.95533
6.25651
5.93381
6.21396
6.08391
6.07735
6.06105
5.95639
5.72125
6.03437
5.88874
6.07872
5.95331
6.087
5.9446
5.9465
6.17383
6.13022
6.02682
5.76477
6.25084
6.13141
5.71748
5.81051
6.24411
6.24272
5.87349
6.06847
6.12829
6.06652
5.87576
5.92537
5.87444
5.75169
5.93045
5.90124
5.98642
5.79851
5.92397
6.27813
5.989
6.28884
6.02298
6.23613
5.87207
6.01214
6.05799
5.71984
6.02522
6.25807
6.29229
5.81427
6.06281
5.94011
6.07054
5.83468
5.92631
5.91274
5.88732
5.78415
5.975
5.9733
5.8219
5.89274
5.83383
6.23378
5.80888
6.00412
6.17467
5.80304
6.26155
6.05926
5.98088
6.27655
5.79806
5.9341
6.14441
5.99394
5.99104
5.78146
6.15935
5.81914
5.94549
5.86619
5.79275
6.27862
5.73698
6.2854
6.01168
6.12912
5.81311
6.19001
6.17571
6.18119
5.88446
6.03676
6.08294
5.77036
5.91801
5.98996
5.89007
6.0729
5.88257
6.24883
6.16598
6.27871
5.80511
6.12918
5.88379
5.73354
5.83142
5.93432
5.96037
6.23319
6.07303
5.86719
5.88735
5.7433
5.95172
5.80001
6.09587
6.25965
6.04421
6.13095
5.83631
6.16122
6.0412
6.1766
5.82814
5.98806
5.96595
6.14755
5.86987
5.93018
6.16363
6.04806
5.71354
6.17069
5.76048
5.81631
6.21989
5.95322
6.05326
5.88946
5.88826
5.7981
5.81917
5.81183
5.79108
5.74296
6.16742
6.02328
5.97361
6.14839
6.24164
6.1202
5.92013
6.05376
6.24172
5.77712
6.07428
5.79931
5.83113
5.77326
5.99239
6.12112
5.96375
6.22046
5.831
5.81397
5.87397
6.08484
6.27412
5.88158
6.25815
5.71911
5.70825
6.15961
5.74778
6.06311
5.96678
5.72849
5.83402
5.80679
6.24373
6.06712
6.20737
5.83699
6.06577
6.18933
6.08819
5.85216
5.9439
5.8202
5.95211
5.9118
6.27672
6.10755
5.80981
5.93888
6.01625
6.10333
5.99348
6.13281
6.23577
5.72632
5.96852
5.86203
6.1961
6.08022
6.14874
6.07949
6.06139
6.24363
5.84782
6.13467
6.2685
6.26422
5.97165
5.97844
6.12283
5.81865
6.09121
6.03141
6.10209
6.15363
5.73559
5.84157
5.89522
6.19291
5.87537
6.23108
6.14779
6.0556
5.86329
5.71861
6.26543
6.22977
6.06614
5.75115
5.75758
5.82983
6.10776
6.07095
6.17816
5.83831
6.23169
6.06167
6.15211
6.14054
5.91703
6.15015
5.78484
5.83694
6.2116
5.9978
6.12496
6.01462
6.07422
6.275
6.17804
6.25482
6.08624
6.01022
6.15961
5.91514
6.07332
6.15392
6.21572
6.23465
6.15504
5.88549
5.82171
6.2681
6.22225
6.18683
6.12465
6.05836
6.1963
5.92533
5.83277
6.18206
6.21268
5.87431
5.97175
5.96751
6.01302
5.79661
5.97828
6.20978
5.75366
5.97525
5.70727
5.82745
6.1103
6.09521
6.03625
5.75946
6.02961
5.94453
6.17141
6.16354
6.01855
6.25115
6.06746
6.11331
6.15404
6.0074
6.05134
5.95929
6.25464
5.91944
6.09824
5.71904
6.26326
6.0552
5.93922
6.11186
6.24837
6.2412
5.7792
5.86879
6.22716
6.10428
6.19754
6.06421
5.75637
5.76744
5.94344
6.12462
6.15696
6.01782
5.97645
5.95068
6.25463
6.13975
5.95834
5.99553
5.93702
6.09038
5.81264
6.16446
6.08933
6.1892
6.14111
6.23431
6.23051
6.09333
6.00049
5.71023
5.88873
5.71685
6.20176
5.89631
5.93443
5.85785
6.15729
5.90764
5.92171
5.84796
6.24573
5.92246
6.13157
5.79086
6.20465
6.08661
6.02844
5.97972
5.76035
5.99134
6.02313
6.11125
5.75653
5.82058
5.9413
6.18779
6.17495
5.85752
6.04302
6.21211
6.29118
6.09801
5.71332
5.81285
5.94608
5.72271
5.98191
5.86429
6.08726
5.85071
6.1463
6.2485
6.2201
5.90889
6.21114
6.1402
6.27025
6.22921
6.27768
6.13007
6.05703
5.97392
6.02323
6.27608
5.90018
6.09673
5.89849
6.08928
5.70906
6.18117
5.77224
5.86694
5.77536
6.1283
6.06683
5.78215
6.25264
5.75628
5.99801
5.82524
6.13992
6.01671
5.96831
6.1081
6.00493
6.16363
5.78381
6.09522
5.78001
6.20581
5.84671
6.17224
6.03708
6.09136
5.94888
6.0494
6.14126
6.22886
5.94589
5.82531
6.26591
5.78112
5.89612
6.28827
6.0621
6.19626
6.02743
5.90319
6.17025
5.72517
6.26304
5.94151
5.73912
5.91766
6.24326
6.09916
5.91088
6.08604
5.96979
5.75946
5.88504
6.08896
5.89973
5.9181
6.05624
5.92281
6.22466
6.20006
5.71342
6.20662
5.77427
6.25457
5.94856
5.80542
5.91864
6.10755
5.91911
6.18922
5.97724
6.04361
6.25546
6.13517
6.09863
6.04718
6.20459
6.24868
5.84786
6.2127
6.04199
5.89897
5.90286
6.02386
6.2811
6.26752
5.785
6.2448
5.94867
6.15214
5.82661
5.76874
5.76518
6.19262
5.76748
6.1527
5.75617
6.18676
6.29332
6.03466
6.26277
5.92893
5.97834
6.23621
5.701
5.73255
5.75765
5.78229
6.01336
6.1103
6.0727
5.98088
6.24119
5.74134
5.94447
6.16529
6.11374
5.84477
6.15167
5.88725
5.76526
5.88386
6.1004
5.8132
6.24688
6.04047
5.84673
6.25503
6.25688
5.99913
6.20227
6.14147
6.05606
5.91263
6.27881
6.03009
5.94782
6.18207
5.87295
6.10683
5.89766
6.17583
5.86978
6.16746
6.02384
5.90814
5.95881
6.2269
6.11354
6.2706
5.83396
5.97149
6.04309
5.84202
5.79713
5.95648
6.07658
5.87165
5.77127
6.18733
6.11053
5.80198
6.1572
5.92231
6.09069
6.20324
6.25733
5.8027
5.95247
5.77263
5.9515
6.222
6.24701
5.9177
6.24561
5.83226
5.93335
6.15736
6.02627
5.72838
6.02212
5.85983
6.05002
6.23663
6.01231
5.93799
5.70399
5.76103
6.05228
6.26776
6.04528
5.86352
5.77525
5.91759
5.904
6.22596
6.25332
6.17581
6.29026
6.2753
6.24382
5.78313
5.89825
6.01038
6.28156
5.84233
6.22137
5.72611
5.92771
6.04024
6.15996
6.26233
5.78134
6.15631
6.28532
5.78272
5.75519
5.8034
6.21952
5.87015
5.71614
5.73078
5.76432
5.72385
6.10167
6.02353
6.06611
6.1135
5.88589
6.01508
6.0663
5.98494
6.23241
5.97972
5.78447
5.99472
5.96452
5.88264
5.82592
5.85743
5.86296
6.07953
6.02149
5.70806
5.95926
6.03717
6.15609
6.25087
5.89773
6.2395
6.01156
6.11043
6.00137
6.20705
5.99177
5.79208
5.73538
5.75501
6.11924
5.89661
6.20959
5.72966
6.02993
5.99492
6.15139
5.75062
5.73197
6.06895
6.20719
6.14164
5.76111
6.02127
6.26232
5.91309
5.82552
5.87133
5.72067
5.71452
6.13769
6.08787
5.87387
5.86316
6.1503
5.81336
5.9332
6.07007
6.17642
6.2568
6.19903
6.22759
5.89214
6.01949
6.16843
5.78638
6.15723
6.03548
6.2144
6.06915
6.12981
6.0366
5.82012
5.93604
6.21212
6.06121
6.06582
6.1739
6.15166
6.13781
6.14641
5.80705
6.15097
6.04992
6.01362
6.0897
5.89936
5.78357
6.15288
5.96185
6.00222
6.25653
6.21369
5.8191
6.2236
6.12315
5.92928
6.10314
6.18427
6.12461
5.93202
5.92736
5.97537
6.04891
5.81336
6.26715
5.96594
5.90487
5.92218
6.10028
5.9751
5.92352
6.14929
6.13847
6.2602
5.98974
6.09954
6.11625
5.86816
5.87502
5.98701
6.14683
5.84672
6.17386
6.06757
5.73066
5.9568
5.96333
5.70118
6.06568
5.87588
5.90982
6.04359
6.1132
5.91712
6.09887
6.10413
6.11603
5.8131
6.10767
6.22044
6.15431
5.72448
5.78512
6.25663
5.73922
6.03412
6.29784
6.20606
5.96378
6.09815
6.15862
5.82951
6.29535
5.94097
5.83738
6.24287
5.90299
6.01989
5.7448
6.13195
6.16856
5.96346
6.04143
6.14863
6.04658
5.81359
5.88762
6.12356
5.84072
5.81199
6.24661
5.91447
6.29508
6.18046
5.72534
6.10505
6.16432
6.12069
6.27181
5.87464
5.85983
6.25739
6.13975
5.99174
5.94117
6.00495
6.05601
5.96054
6.14129
5.84471
6.00753
6.21872
6.20538
6.10909
6.07562
6.02565
5.99637
6.13141
6.1131
6.21636
5.93863
6.05802
5.73315
5.86015
6.09941
5.80684
5.71973
5.75677
6.05347
6.02556
6.0563
6.24166
6.13118
6.20685
5.93877
5.89201
6.24736
5.95928
5.75587
6.04039
5.80264
5.76127
6.14734
5.76814
6.21537
5.8412
6.13653
5.72753
5.83509
5.88737
6.11086
6.0046
5.78699
5.93194
6.2228
6.17092
6.16798
6.20827
5.78548
5.89995
5.94368
6.15168
5.75919
6.06115
6.05204
6.05374
6.26108
6.24805
5.83432
6.12664
5.74714
5.92157
5.81928
6.24443
6.29773
6.25378
5.87016
6.09395
6.15126
5.81423
6.00238
6.11144
5.87085
6.18213
5.83684
5.84251
6.27138
5.78492
5.86763
5.99405
6.12209
5.80618
5.93916
6.05081
5.72339
5.7848
6.09773
5.77053
5.97358
5.83945
5.97144
5.72811
5.75796
6.10514
5.77747
6.22008
5.79362
5.71346
6.27186
5.9113
5.95213
6.01987
6.04698
6.10169
5.97314
6.20299
6.13062
6.03624
6.10487
5.91412
5.74199
6.04248
6.1065
6.03672
5.75267
5.74635
5.99789
6.04392
5.779
6.04986
5.97087
6.23777
6.2951
5.95414
5.73033
6.18627
5.86511
5.72233
5.80146
5.7551
5.80527
5.94166
5.9333
5.83779
5.75362
5.79175
6.16231
6.16759
5.99985
6.2412
6.29794
5.97845
6.08712
6.20325
5.92121
5.9565
6.29391
5.92559
5.7651
5.95268
5.88153
5.84226
5.95215
6.16164
5.84403
6.00259
5.95209
5.98272
5.82797
6.13074
6.17768
5.84893
5.96055
6.04716
5.82318
6.24859
5.76185
5.8618
6.01334
6.28568
5.89911
5.90245
5.98405
6.27516
6.23435
5.87574
5.88145
5.94429
6.21846
5.95132
5.7431
5.71129
5.7794
6.16514
6.21576
6.09508
5.97245
5.96381
5.91176
6.09967
5.92824
6.05743
6.27706
6.2172
5.85988
5.92347
5.88973
6.18036
5.93533
6.13274
6.07188
6.00621
5.91449
5.99079
5.78382
5.70193
5.70292
5.90627
5.77636
6.09789
5.85545
6.19257
6.08519
6.05926
5.96398
5.98717
5.84938
5.96032
5.70882
5.89472
6.02567
6.11488
6.1512
6.25852
5.77757
6.00949
6.14378
6.079
5.90045
6.15044
5.74544
5.92494
6.15494
5.92298
6.2927
5.72093
5.7437
5.78209
5.90763
6.12665
5.95647
5.941
5.8745
5.94837
6.2467
6.10788
5.80998
5.83208
5.91705
6.03307
5.88036
5.844
6.04578
5.79574
6.07386
6.2688
5.99447
6.00082
6.08622
6.19001
5.73638
5.79668
6.07639
6.20262
6.18755
6.13962
5.9844
6.13288
5.84989
6.27272
6.09187
5.99169
5.89246
5.8424
6.28025
5.83994
6.00305
5.81015
6.17511
6.15765
6.02194
6.26402
6.01837
6.06927
6.06943
5.88176
5.94416
6.11696
5.769
6.10971
6.19702
5.82205
5.90301
5.79431
6.11528
6.05045
5.95138
5.81635
5.77809
5.93673
6.08732
6.08365
6.01985
6.0109
5.74633
6.08717
5.82968
5.90348
5.77635
6.1946
6.01147
6.27344
6.05753
5.79236
6.23234
6.03317
5.85838
5.86191
6.16889
6.14323
5.72301
5.96634
5.96273
5.95338
6.05606
6.16879
6.22863
5.94782
5.89206
5.85031
6.02343
5.73657
6.21037
5.72347
6.13162
6.25462
//widmo amplitudowe sygnalu
 12285.6
 4.44091
 10.9785
 6.314
 5.56701
 5.28036
 8.17785
 4.78392
 10.2354
 7.85642
 12.3564
 7.25838
 3.12501
 10.2628
 8.77195
 3.65838
 3.29148
 7.86333
 15.9522
 5.491
 10.3353
 4.37531
 4.2674
 3.95697
 5.9664
 8.19563
 2.90611
 9.52682
 4.13257
 6.92397
 7.13149
 1.74509
 5.7609
 6.4351
 5.02774
 4.84144
 4.12026
 3.37996
 4.56607
 5.93586
 6.94779
 9.38499
 5.43076
 4.77534
 8.05652
 2.49083
 2.65603
 4.43885
 5.23665
 5.33087
 4.7109
 5.74933
 4.71999
 3.91261
 3.13544
 3.46222
 4.07621
 9.30707
 16.4085
 12.1036
 11.0199
 8.90485
 14.3924
 1.15804
 2.40468
 8.25546
 8.95274
 7.67375
 6.09057
 7.26192
 2.37851
 5.0855
 8.48571
 13.9338
 6.4303
 7.57533
 6.21451
 5.39207
 8.2434
 6.95268
 14.9771
 2.57601
 6.34958
 15.7224
 4.65344
 1.28304
 3.41478
 4.38671
 3.90412
 12.4912
 9.75116
 15.7996
 5.42779
 6.42471
 2.25264
 4.8653
 4.52358
 4.78348
 8.07488
 5.01529
 11.3804
 9.93308
 4.66107
 7.43637
 3.73032
 7.36311
 2.94018
 5.13843
 2.42551
 4.16447
 11.0911
 1.12252
 14.1901
 14.5999
 4.68718
 8.51209
 6.22948
 2.80813
 10.8303
 5.85289
 4.5065
 10.2031
 6.48565
 5.58976
 9.48118
 5.03717
 9.29965
 2.86001
 9.5444
 2.81865
 10.0661
 13.9221
 7.43886
 8.16014
 3.66533
 10.7221
 8.09689
 4.67701
 5.95777
 7.71586
 10.9867
 5.3777
 6.83231
 5.48844
 7.28363
 0.820201
 4.7053
 8.03749
 8.55923
 8.08612
 5.93766
 2.73213
 3.75712
 8.36763
 4.018
 8.83247
 6.38806
 11.7048
 3.58109
 8.58161
 6.54786
 3.15503
 1.73715
 3.32723
 6.27967
 7.62576
 6.68899
 2.49983
 8.20228
 5.64949
 7.76529
 8.49068
 17.4951
 11.9968
 4.20102
 0.357897
 5.91732
 6.15813
 7.49877
 7.08848
 15.9467
 2.33628
 4.10953
 3.07601
 2.22681
 18.5566
 3.74122
 3.48294
 1.69862
 2.22384
 5.97436
 9.37775
 8.80295
 1.63097
 12.5226
 10.8228
 6.03041
 6.8893
 9.14017
 3.66073
 9.12533
 12.7582
 14.2193
 8.24179
 3.57463
 2.46006
 5.67488
 9.55667
 4.49066
 17.0383
 1.03762
 6.20133
 7.37465
 4.3707
 7.85678
 8.60257
 7.77414
 3.87209
 9.63019
 7.60052
 6.81956
 11.0896
 15.3766
 9.52893
 3.66276
 15.0224
 6.47592
 13.0053
 9.34882
 10.105
 12.1534
 6.29142
 9.06077
 4.78197
 5.37669
 1.55687
 1.93354
 3.12315
 6.39833
 11.7887
 7.91767
 1.33506
 12.3154
 9.17811
 6.77472
 1.87251
 6.33029
 4.68033
 9.5203
 4.80845
 2.35951
 4.80401
 6.80821
 2.13644
 12.3427
 2.98427
 1.91984
 2.58776
 12.1255
 7.28196
 8.36448
 0.932208
 6.69952
 4.74366
 3.84004
 14.1975
 6.35762
 2.4873
 12.0495
 9.01414
 6.03991
 6.36395
 5.34507
 3.64122
 3.13118
 4.93187
 9.39419
 7.21038
 8.66538
 3.6264
 8.82819
 2.75761
 3.71237
 8.38898
 12.2584
 12.9378
 5.05012
 5.44004
 9.51788
 7.05417
 7.89251
 10.339
 1.21368
 9.18663
 9.4162
 8.34828
 2.2957
 7.32545
 0.546908
 14.3319
 5.81369
 8.17824
 10.6443
 10.3242
 4.83874
 4.86835
 11.0286
 11.8499
 4.42431
 7.31052
 1.94091
 4.2551
 4.36474
 7.14622
 2.07201
 8.00754
 9.51423
 7.39212
 1.49208
 6.32233
 10.1713
 9.82701
 6.76522
 10.6411
 8.44536
 2.08235
 4.69168
 7.10096
 13.3352
 1.36991
 4.56701
 7.84021
 0.668516
 11.1041
 3.48211
 6.41634
 7.81694
 3.35728
 11.8536
 3.82664
 6.77894
 8.35284
 7.74891
 2.30582
 7.41667
 3.71673
 4.40146
 13.0394
 0.792292
 7.24254
 6.7826
 14.5436
 7.7175
 9.93423
 8.79304
 1.93668
 2.37558
 3.80186
 5.10407
 14.1472
 5.8332
 1.91336
 5.36482
 6.54859
 1.15608
 2.58741
 5.42611
 7.07593
 4.01202
 5.82366
 3.26958
 8.81097
 3.62568
 2.64321
 10.5476
 10.4258
 8.02113
 5.60933
 5.13205
 3.6191
 5.72132
 10.2467
 3.29381
 7.01628
 0.250077
 9.37551
 7.39617
 2.26375
 3.61093
 8.25407
 5.95945
 7.52744
 8.41822
 3.69513
 11.363
 8.19633
 3.33523
 6.80255
 10.2905
 8.44607
 7.85037
 5.75316
 7.09637
 11.8459
 4.65172
 8.95719
 9.3289
 12.1924
 3.1747
 7.39983
 6.6692
 0.191476
 8.91551
 3.16385
 9.82842
 3.69628
 2.41292
 7.32976
 6.45491
 9.62293
 8.81599
 6.31384
 6.3582
 13.1253
 7.83399
 6.13513
 9.84434
 10.614
 0.759945
 6.52317
 7.24438
 3.43367
 2.19323
 5.1288
 8.69924
 7.19133
 9.96604
 14.5479
 4.8842
 4.57246
 7.93434
 4.69756
 7.30051
 15.7169
 7.47361
 6.71574
 4.13907
 7.61749
 6.15313
 5.81102
 0.806492
 8.4307
 19.6126
 6.91491
 4.54144
 10.7695
 5.53884
 9.80594
 9.25794
 4.17393
 5.18323
 2.2402
 5.78364
 9.22713
 4.64903
 3.41451
 7.69853
 4.7952
 2.09782
 2.69255
 7.05024
 8.44647
 2.38436
 1.5556
 9.02231
 9.38821
 2.73758
 3.49048
 1.55855
 5.9795
 14.0685
 4.47516
 4.27605
 3.93244
 11.8526
 7.37733
 8.3995
 8.71761
 3.35286
 6.4097
 3.85358
 5.35123
 3.67836
 1.86568
 9.83207
 3.41397
 2.60042
 2.75062
 8.5067
 1.91853
 8.55234
 5.47033
 5.44289
 8.83356
 8.69187
 1.26219
 14.9302
 6.02544
 5.54044
 12.1513
 14.212
 9.96292
 9.55334
 12.8809
 6.2047
 4.43792
 9.30438
 9.21529
 14.387
 7.30897
 5.61872
 9.85566
 4.56577
 3.74168
 2.52431
 9.83436
 6.02896
 5.52419
 1.06405
 9.96926
 4.17897
 10.3053
 5.25238
 12.3024
 4.40174
 1.18441
 5.32653
 5.08914
 9.60201
 1.53046
 1.4632
 10.7143
 9.13271
 7.80721
 1.60795
 9.96552
 8.77438
 6.26448
 6.8413
 4.75239
 5.43442
 8.82834
 5.78488
 1.10466
 0.674123
 12.0599
 2.15148
 5.35226
 1.59755
 4.81665
 8.39363
 1.41094
 4.64613
 7.45122
 6.46055
 13.3192
 10.7302
 5.98914
 3.58809
 3.30846
 7.26341
 4.02735
 7.61792
 2.65446
 3.95787
 5.81195
 5.96258
 7.82418
 8.87173
 4.59106
 3.77306
 9.58792
 10.5471
 8.08819
 2.76515
 10.8624
 5.96293
 5.74409
 7.85498
 2.74179
 14.707
 6.46186
 2.59679
 6.57366
 5.02111
 4.96757
 1.87886
 2.42514
 11.9349
 4.54668
 2.98645
 11.8318
 1.73264
 9.0395
 3.31832
 7.63784
 4.3751
 3.83528
 1.58122
 4.84362
 2.70926
 4.49132
 9.54353
 6.99868
 6.81991
 2.93653
 5.17824
 8.19497
 6.60532
 0.61778
 12.7883
 7.45083
 3.02051
 2.20889
 6.8051
 2.07945
 5.48642
 8.92843
 1.06107
 5.84998
 7.23424
 4.2807
 9.11557
 2.34479
 3.46202
 9.26838
 1.78032
 1.07301
 6.44148
 4.09658
 14.4543
 20.871
 3.61369
 3.65025
 6.48428
 1.25595
 4.25216
 10.6745
 4.77389
 6.05944
 6.82922
 8.67686
 10.6993
 6.38571
 11.5288
 5.88579
 9.09589
 3.94532
 3.64735
 6.21942
 9.00687
 3.46616
 2.35403
 1.6507
 6.71396
 5.66352
 6.08093
 7.30459
 5.54706
 13.3396
 1.78578
 5.08796
 11.9836
 1.58541
 5.52019
 7.90724
 5.40061
 8.99722
 7.08099
 7.33659
 11.6168
 10.1956
 25.0868
 8.24303
 3.5228
 7.29975
 4.02566
 4.98357
 6.35645
 2.14249
 10.2698
 5.51968
 4.53189
 0.707046
 1.68271
 4.01941
 6.98497
 0.416231
 8.08601
 10.9195
 2.60333
 2.70164
 0.720693
 6.91161
 4.68682
 4.23761
 6.77387
 11.5565
 16.3208
 9.74817
 7.69491
 5.32071
 6.83038
 4.03169
 6.75046
 3.98615
 1.04738
 3.47048
 0.771712
 12.0802
 4.40121
 7.52378
 11.0419
 5.20104
 9.66409
 11.3145
 6.23537
 2.03986
 10.8326
 4.45973
 11.5292
 8.4603
 7.90926
 12.1382
 9.88907
 4.0995
 6.60456
 4.58777
 8.76452
 6.50097
 7.05369
 9.07648
 12.9677
 14.5307
 4.23015
 7.09106
 7.83902
 10.795
 11.9474
 10.8328
 4.5351
 7.36135
 2.46875
 1.18455
 4.95059
 6.7436
 8.16231
 2.1003
 4.28296
 6.58498
 5.05204
 11.0466
 2.07529
 5.53381
 3.9705
 8.7023
 6.8617
 2.74557
 2.88327
 5.15238
 4.74538
 13.1455
 12.9892
 6.74038
 5.06501
 6.49814
 8.82296
 6.02564
 4.82017
 10.5226
 8.61713
 7.72762
 4.17389
 9.73251
 6.7206
 8.32295
 12.2843
 3.66781
 2.52818
 7.29866
 5.19168
 5.5388
 10.1497
 8.14364
 14.0595
 12.4384
 5.4191
 5.47717
 6.47401
 5.82308
 10.9907
 8.75525
 4.18651
 11.249
 16.5299
 2.26169
 3.64245
 8.24737
 3.28541
 10.1104
 6.58795
 11.6735
 7.2379
 10.2896
 7.61856
 3.91717
 3.30302
 8.30901
 8.49938
 1.77698
 6.26853
 14.0628
 8.01304
 3.71979
 13.66
 12.4926
 2.42018
 2.84855
 4.33206
 4.35719
 5.71871
 1.96002
 7.70196
 2.91199
 4.42399
 6.63747
 0.164933
 11.2774
 8.10663
 5.31891
 2.22566
 10.8429
 9.76265
 4.58695
 5.63547
 6.55753
 5.76763
 13.2724
 9.67902
 8.26866
 3.5249
 3.11351
 4.57338
 12.2628
 1.31481
 3.61079
 9.18107
 1.3589
 1.0395
 5.84944
 7.79195
 4.06302
 9.50953
 9.42764
 5.68083
 8.44472
 6.61922
 5.54515
 5.16284
 8.82662
 8.8297
 6.96567
 7.24505
 7.49401
 5.27482
 8.08824
 9.30847
 4.9206
 3.01622
 1.39478
 10.6501
 5.1836
 5.92353
 8.29439
 8.12051
 10.6201
 2.48173
 10.6561
 6.01037
 14.57
 4.17951
 6.62847
 6.40333
 3.64643
 2.84797
 7.62934
 6.45095
 11.9453
 3.81008
 6.1088
 6.46836
 4.58071
 4.90291
 4.20728
 4.80747
 9.33426
 4.42882
 3.26799
 3.04819
 1.83498
 8.49358
 11.6615
 5.31923
 5.51201
 12.2465
 6.7276
 5.90678
 7.55998
 7.08755
 7.72191
 4.06298
 5.22189
 10.068
 5.84399
 8.43296
 4.06018
 5.97182
 16.1394
 6.02693
 9.78976
 6.93159
 1.42033
 7.80862
 5.21653
 12.747
 11.7256
 3.45102
 6.25526
 7.19351
 3.33856
 5.12739
 8.72263
 5.84536
 0.905314
 13.2953
 12.7979
 4.91738
 7.77679
 5.16595
 1.86138
 1.08973
 8.71915
 11.9553
 10.3742
 6.86785
 2.71632
 2.33284
 5.61456
 5.86954
 7.17364
 6.1506
 3.6467
 5.00068
 3.4671
 3.93836
 9.48181
 7.20074
 6.5436
 3.75309
 3.50669
 6.6656
 6.05656
 9.71408
 7.6016
 9.47659
 10.3174
 4.18121
 6.6472
 7.6297
 4.78588
 8.65587
 7.49305
 1.60807
 4.16268
 4.57065
 8.05455
 6.81659
 7.07087
 2.75103
 4.84401
 2.48463
 4.95922
 7.6228
 2.13979
 7.68722
 6.52239
 12.4634
 5.56586
 5.13067
 6.08792
 6.55433
 2.96094
 6.16944
 4.31184
 7.1986
 5.49357
 9.43062
 2.91267
 0.860213
 2.8122
 9.80758
 5.80961
 5.765
 8.21577
 2.36296
 2.36638
 3.70392
 2.72681
 4.63118
 11.665
 3.38675
 5.82712
 3.19147
 9.73181
 8.42969
 9.73181
 3.19147
 5.82712
 3.38675
 11.665
 4.63118
 2.72681
 3.70392
 2.36638
 2.36296
 8.21577
 5.765
 5.80961
 9.80758
 2.8122
 0.860213
 2.91267
 9.43062
 5.49357
 7.1986
 4.31184
 6.16944
 2.96094
 6.55433
 6.08792
 5.13067
 5.56586
 12.4634
 6.52239
 7.68722
 2.13979
 7.6228
 4.95922
 2.48463
 4.84401
 2.75103
 7.07087
 6.81659
 8.05455
 4.57065
 4.16268
 1.60807
 7.49305
 8.65587
 4.78588
 7.6297
 6.6472
 4.18121
 10.3174
 9.47659
 7.6016
 9.71408
 6.05656
 6.6656
 3.50669
 3.75309
 6.5436
 7.20074
 9.48181
 3.93836
 3.4671
 5.00068
 3.6467
 6.1506
 7.17364
 5.86954
 5.61456
 2.33284
 2.71632
 6.86785
 10.3742
 11.9553
 8.71915
 1.08973
 1.86138
 5.16595
 7.77679
 4.91738
 12.7979
 13.2953
 0.905314
 5.84536
 8.72263
 5.12739
 3.33856
 7.19351
 6.25526
 3.45102
 11.7256
 12.747
 5.21653
 7.80862
 1.42033
 6.93159
 9.78976
 6.02693
 16.1394
 5.97182
 4.06018
 8.43296
 5.84399
 10.068
 5.22189
 4.06298
 7.72191
 7.08755
 7.55998
 5.90678
 6.7276
 12.2465
 5.51201
 5.31923
 11.6615
 8.49358
 1.83498
 3.04819
 3.26799
 4.42882
 9.33426
 4.80747
 4.20728
 4.90291
 4.58071
 6.46836
 6.1088
 3.81008
 11.9453
 6.45095
 7.62934
 2.84797
 3.64643
 6.40333
 6.62847
 4.17951
 14.57
 6.01037
 10.6561
 2.48173
 10.6201
 8.12051
 8.29439
 5.92353
 5.1836
 10.6501
 1.39478
 3.01622
 4.9206
 9.30847
 8.08824
 5.27482
 7.49401
 7.24505
 6.96567
 8.8297
 8.82662
 5.16284
 5.54515
 6.61922
 8.44472
 5.68083
 9.42764
 9.50953
 4.06302
 7.79195
 5.84944
 1.0395
 1.3589
 9.18107
 3.61079
 1.31481
 12.2628
 4.57338
 3.11351
 3.5249
 8.26866
 9.67902
 13.2724
 5.76763
 6.55753
 5.63547
 4.58695
 9.76265
 10.8429
 2.22566
 5.31891
 8.10663
 11.2774
 0.164933
 6.63747
 4.42399
 2.91199
 7.70196
 1.96002
 5.71871
 4.35719
 4.33206
 2.84855
 2.42018
 12.4926
 13.66
 3.71979
 8.01304
 14.0628
 6.26853
 1.77698
 8.49938
 8.30901
 3.30302
 3.91717
 7.61856
 10.2896
 7.2379
 11.6735
 6.58795
 10.1104
 3.28541
 8.24737
 3.64245
 2.26169
 16.5299
 11.249
 4.18651
 8.75525
 10.9907
 5.82308
 6.47401
 5.47717
 5.4191
 12.4384
 14.0595
 8.14364
 10.1497
 5.5388
 5.19168
 7.29866
 2.52818
 3.66781
 12.2843
 8.32295
 6.7206
 9.73251
 4.17389
 7.72762
 8.61713
 10.5226
 4.82017
 6.02564
 8.82296
 6.49814
 5.06501
 6.74038
 12.9892
 13.1455
 4.74538
 5.15238
 2.88327
 2.74557
 6.8617
 8.7023
 3.9705
 5.53381
 2.07529
 11.0466
 5.05204
 6.58498
 4.28296
 2.1003
 8.16231
 6.7436
 4.95059
 1.18455
 2.46875
 7.36135
 4.5351
 10.8328
 11.9474
 10.795
 7.83902
 7.09106
 4.23015
 14.5307
 12.9677
 9.07648
 7.05369
 6.50097
 8.76452
 4.58777
 6.60456
 4.0995
 9.88907
 12.1382
 7.90926
 8.4603
 11.5292
 4.45973
 10.8326
 2.03986
 6.23537
 11.3145
 9.66409
 5.20104
 11.0419
 7.52378
 4.40121
 12.0802
 0.771712
 3.47048
 1.04738
 3.98615
 6.75046
 4.03169
 6.83038
 5.32071
 7.69491
 9.74817
 16.3208
 11.5565
 6.77387
 4.23761
 4.68682
 6.91161
 0.720693
 2.70164
 2.60333
 10.9195
 8.08601
 0.416231
 6.98497
 4.01941
 1.68271
 0.707046
 4.53189
 5.51968
 10.2698
 2.14249
 6.35645
 4.98357
 4.02566
 7.29975
 3.5228
 8.24303
 25.0868
 10.1956
 11.6168
 7.33659
 7.08099
 8.99722
 5.40061
 7.90724
 5.52019
 1.58541
 11.9836
 5.08796
 1.78578
 13.3396
 5.54706
 7.30459
 6.08093
 5.66352
 6.71396
 1.6507
 2.35403
 3.46616
 9.00687
 6.21942
 3.64735
 3.94532
 9.09589
 5.88579
 11.5288
 6.38571
 10.6993
 8.67686
 6.82922
 6.05944
 4.77389
 10.6745
 4.25216
 1.25595
 6.48428
 3.65025
 3.61369
 20.871
 14.4543
 4.09658
 6.44148
 1.07301
 1.78032
 9.26838
 3.46202
 2.34479
 9.11557
 4.2807
 7.23424
 5.84998
 1.06107
 8.92843
 5.48642
 2.07945
 6.8051
 2.20889
 3.02051
 7.45083
 12.7883
 0.61778
 6.60532
 8.19497
 5.17824
 2.93653
 6.81991
 6.99868
 9.54353
 4.49132
 2.70926
 4.84362
 1.58122
 3.83528
 4.3751
 7.63784
 3.31832
 9.0395
 1.73264
 11.8318
 2.98645
 4.54668
 11.9349
 2.42514
 1.87886
 4.96757
 5.02111
 6.57366
 2.59679
 6.46186
 14.707
 2.74179
 7.85498
 5.74409
 5.96293
 10.8624
 2.76515
 8.08819
 10.5471
 9.58792
 3.77306
 4.59106
 8.87173
 7.82418
 5.96258
 5.81195
 3.95787
 2.65446
 7.61792
 4.02735
 7.26341
 3.30846
 3.58809
 5.98914
 10.7302
 13.3192
 6.46055
 7.45122
 4.64613
 1.41094
 8.39363
 4.81665
 1.59755
 5.35226
 2.15148
 12.0599
 0.674123
 1.10466
 5.78488
 8.82834
 5.43442
 4.75239
 6.8413
 6.26448
 8.77438
 9.96552
 1.60795
 7.80721
 9.13271
 10.7143
 1.4632
 1.53046
 9.60201
 5.08914
 5.32653
 1.18441
 4.40174
 12.3024
 5.25238
 10.3053
 4.17897
 9.96926
 1.06405
 5.52419
 6.02896
 9.83436
 2.52431
 3.74168
 4.56577
 9.85566
 5.61872
 7.30897
 14.387
 9.21529
 9.30438
 4.43792
 6.2047
 12.8809
 9.55334
 9.96292
 14.212
 12.1513
 5.54044
 6.02544
 14.9302
 1.26219
 8.69187
 8.83356
 5.44289
 5.47033
 8.55234
 1.91853
 8.5067
 2.75062
 2.60042
 3.41397
 9.83207
 1.86568
 3.67836
 5.35123
 3.85358
 6.4097
 3.35286
 8.71761
 8.3995
 7.37733
 11.8526
 3.93244
 4.27605
 4.47516
 14.0685
 5.9795
 1.55855
 3.49048
 2.73758
 9.38821
 9.02231
 1.5556
 2.38436
 8.44647
 7.05024
 2.69255
 2.09782
 4.7952
 7.69853
 3.41451
 4.64903
 9.22713
 5.78364
 2.2402
 5.18323
 4.17393
 9.25794
 9.80594
 5.53884
 10.7695
 4.54144
 6.91491
 19.6126
 8.4307
 0.806492
 5.81102
 6.15313
 7.61749
 4.13907
 6.71574
 7.47361
 15.7169
 7.30051
 4.69756
 7.93434
 4.57246
 4.8842
 14.5479
 9.96604
 7.19133
 8.69924
 5.1288
 2.19323
 3.43367
 7.24438
 6.52317
 0.759945
 10.614
 9.84434
 6.13513
 7.83399
 13.1253
 6.3582
 6.31384
 8.81599
 9.62293
 6.45491
 7.32976
 2.41292
 3.69628
 9.82842
 3.16385
 8.91551
 0.191476
 6.6692
 7.39983
 3.1747
 12.1924
 9.3289
 8.95719
 4.65172
 11.8459
 7.09637
 5.75316
 7.85037
 8.44607
 10.2905
 6.80255
 3.33523
 8.19633
 11.363
 3.69513
 8.41822
 7.52744
 5.95945
 8.25407
 3.61093
 2.26375
 7.39617
 9.37551
 0.250077
 7.01628
 3.29381
 10.2467
 5.72132
 3.6191
 5.13205
 5.60933
 8.02113
 10.4258
 10.5476
 2.64321
 3.62568
 8.81097
 3.26958
 5.82366
 4.01202
 7.07593
 5.42611
 2.58741
 1.15608
 6.54859
 5.36482
 1.91336
 5.8332
 14.1472
 5.10407
 3.80186
 2.37558
 1.93668
 8.79304
 9.93423
 7.7175
 14.5436
 6.7826
 7.24254
 0.792292
 13.0394
 4.40146
 3.71673
 7.41667
 2.30582
 7.74891
 8.35284
 6.77894
 3.82664
 11.8536
 3.35728
 7.81694
 6.41634
 3.48211
 11.1041
 0.668516
 7.84021
 4.56701
 1.36991
 13.3352
 7.10096
 4.69168
 2.08235
 8.44536
 10.6411
 6.76522
 9.82701
 10.1713
 6.32233
 1.49208
 7.39212
 9.51423
 8.00754
 2.07201
 7.14622
 4.36474
 4.2551
 1.94091
 7.31052
 4.42431
 11.8499
 11.0286
 4.86835
 4.83874
 10.3242
 10.6443
 8.17824
 5.81369
 14.3319
 0.546908
 7.32545
 2.2957
 8.34828
 9.4162
 9.18663
 1.21368
 10.339
 7.89251
 7.05417
 9.51788
 5.44004
 5.05012
 12.9378
 12.2584
 8.38898
 3.71237
 2.75761
 8.82819
 3.6264
 8.66538
 7.21038
 9.39419
 4.93187
 3.13118
 3.64122
 5.34507
 6.36395
 6.03991
 9.01414
 12.0495
 2.4873
 6.35762
 14.1975
 3.84004
 4.74366
 6.69952
 0.932208
 8.36448
 7.28196
 12.1255
 2.58776
 1.91984
 2.98427
 12.3427
 2.13644
 6.80821
 4.80401
 2.35951
 4.80845
 9.5203
 4.68033
 6.33029
 1.87251
 6.77472
 9.17811
 12.3154
 1.33506
 7.91767
 11.7887
 6.39833
 3.12315
 1.93354
 1.55687
 5.37669
 4.78197
 9.06077
 6.29142
 12.1534
 10.105
 9.34882
 13.0053
 6.47592
 15.0224
 3.66276
 9.52893
 15.3766
 11.0896
 6.81956
 7.60052
 9.63019
 3.87209
 7.77414
 8.60257
 7.85678
 4.3707
 7.37465
 6.20133
 1.03762
 17.0383
 4.49066
 9.55667
 5.67488
 2.46006
 3.57463
 8.24179
 14.2193
 12.7582
 9.12533
 3.66073
 9.14017
 6.8893
 6.03041
 10.8228
 12.5226
 1.63097
 8.80295
 9.37775
 5.97436
 2.22384
 1.69862
 3.48294
 3.74122
 18.5566
 2.22681
 3.07601
 4.10953
 2.33628
 15.9467
 7.08848
 7.49877
 6.15813
 5.91732
 0.357897
 4.20102
 11.9968
 17.4951
 8.49068
 7.76529
 5.64949
 8.20228
 2.49983
 6.68899
 7.62576
 6.27967
 3.32723
 1.73715
 3.15503
 6.54786
 8.58161
 3.58109
 11.7048
 6.38806
 8.83247
 4.018
 8.36763
 3.75712
 2.73213
 5.93766
 8.08612
 8.55923
 8.03749
 4.7053
 0.820201
 7.28363
 5.48844
 6.83231
 5.3777
 10.9867
 7.71586
 5.95777
 4.67701
 8.09689
 10.7221
 3.66533
 8.16014
 7.43886
 13.9221
 10.0661
 2.81865
 9.5444
 2.86001
 9.29965
 5.03717
 9.48118
 5.58976
 6.48565
 10.2031
 4.5065
 5.85289
 10.8303
 2.80813
 6.22948
 8.51209
 4.68718
 14.5999
 14.1901
 1.12252
 11.0911
 4.16447
 2.42551
 5.13843
 2.94018
 7.36311
 3.73032
 7.43637
 4.66107
 9.93308
 11.3804
 5.01529
 8.07488
 4.78348
 4.52358
 4.8653
 2.25264
 6.42471
 5.42779
 15.7996
 9.75116
 12.4912
 3.90412
 4.38671
 3.41478
 1.28304
 4.65344
 15.7224
 6.34958
 2.57601
 14.9771
 6.95268
 8.2434
 5.39207
 6.21451
 7.57533
 6.4303
 13.9338
 8.48571
 5.0855
 2.37851
 7.26192
 6.09057
 7.67375
 8.95274
 8.25546
 2.40468
 1.15804
 14.3924
 8.90485
 11.0199
 12.1036
 16.4085
 9.30707
 4.07621
 3.46222
 3.13544
 3.91261
 4.71999
 5.74933
 4.7109
 5.33087
 5.23665
 4.43885
 2.65603
 2.49083
 8.05652
 4.77534
 5.43076
 9.38499
 6.94779
 5.93586
 4.56607
 3.37996
 4.12026
 4.84144
 5.02774
 6.4351
 5.7609
 1.74509
 7.13149
 6.92397
 4.13257
 9.52682
 2.90611
 8.19563
 5.9664
 3.95697
 4.2674
 4.37531
 10.3353
 5.491
 15.9522
 7.86333
 3.29148
 3.65838
 8.77195
 10.2628
 3.12501
 7.25838
 12.3564
 7.85642
 10.2354
 4.78392
 8.17785
 5.28036
 5.56701
 6.314
 10.9785
 4.44091
//widmo zespolone sygnalu
12285.6 + 0i
-0.551806 - 4.4065i
8.04229 - 7.47328i
0.279244 + 6.30783i
4.01696 - 3.8543i
2.75375 - 4.50545i
0.594905 - 8.15618i
3.5453 - 3.21197i
0.9871 + 10.1877i
-7.81619 - 0.794019i
2.63252 + 12.0727i
3.71977 - 6.23276i
2.80608 + 1.37536i
9.01148 - 4.91104i
5.32512 + 6.97066i
-3.49474 + 1.08191i
-2.79926 - 1.73148i
-1.19 - 7.77276i
11.7401 - 10.8001i
-4.01771 - 3.74287i
-2.57738 - 10.0087i
-4.33591 - 0.585796i
-4.243 - 0.455716i
2.52529 - 3.04639i
-1.49492 + 5.77608i
5.71835 + 5.87101i
-2.8898 - 0.307472i
6.70666 + 6.76617i
-4.12998 + 0.146219i
-4.42596 + 5.32469i
-4.05649 + 5.86541i
-0.117024 - 1.74116i
-5.74838 - 0.379567i
-5.12434 + 3.89251i
-0.828002 - 4.95909i
-2.7157 + 4.00806i
-3.91931 - 1.27106i
3.24875 + 0.932596i
-4.18746 + 1.8205i
-1.95109 + 5.60603i
-4.25853 - 5.4897i
7.37789 + 5.80041i
4.26627 + 3.36038i
-0.180344 + 4.77193i
5.91113 - 5.47412i
-0.00342834 - 2.49083i
0.57226 - 2.59365i
-0.44713 - 4.41627i
2.40449 + 4.65199i
0.369225 + 5.31807i
1.20604 - 4.55391i
-5.74803 + 0.122306i
-4.67867 + 0.623206i
0.862438 + 3.81638i
2.84698 + 1.31365i
1.34618 + 3.18978i
-3.63238 - 1.84968i
0.912933 - 9.26219i
-12.3348 + 10.8209i
11.9895 + 1.65842i
-9.98034 - 4.67246i
8.74628 - 1.67296i
-6.59542 + 12.7922i
0.12307 + 1.15148i
-1.95714 - 1.39716i
2.0579 - 7.99486i
8.15262 - 3.69951i
-0.0771925 - 7.67336i
-5.20703 - 3.15943i
4.28224 + 5.86497i
-2.15341 + 1.01002i
-3.82254 - 3.35418i
5.17919 - 6.72185i
13.7669 - 2.14986i
-5.9558 - 2.42429i
-3.81797 - 6.54283i
3.44204 + 5.17421i
3.62924 - 3.98786i
4.49881 - 6.90755i
-6.54671 + 2.34103i
-7.38712 - 13.0286i
0.96244 - 2.38946i
-4.25532 + 4.71269i
15.4405 - 2.96372i
-4.03949 - 2.3102i
1.27341 + 0.156896i
-2.9481 - 1.72321i
3.16906 - 3.03319i
2.53015 + 2.9733i
11.0218 - 5.87804i
-3.43515 + 9.12606i
-15.545 - 2.82474i
-5.42386 + 0.20642i
6.29015 + 1.30803i
2.16306 - 0.628906i
1.91803 + 4.47127i
1.67643 - 4.20148i
4.78276 + 0.0834665i
1.39599 - 7.9533i
-4.64512 - 1.89103i
-9.81978 + 5.75197i
-0.334989 + 9.92743i
3.58457 - 2.97934i
-0.647482 - 7.40813i
3.71198 + 0.369479i
-2.27008 + 7.00444i
-1.78372 + 2.3373i
4.66613 + 2.15191i
1.40168 + 1.9795i
3.95565 + 1.30217i
-7.44121 + 8.22436i
-0.332536 - 1.07214i
-8.9367 + 11.0224i
-4.47234 - 13.898i
3.26581 + 3.36216i
8.35963 - 1.60382i
-5.62537 + 2.67611i
1.46745 - 2.39419i
6.67728 - 8.52702i
-3.58135 + 4.62928i
-0.187776 + 4.50259i
-3.05798 - 9.73403i
1.98595 + 6.17411i
3.1724 - 4.60231i
5.67163 - 7.59773i
-3.15159 + 3.92944i
6.45596 + 6.69359i
-0.891786 - 2.71742i
-9.24942 - 2.35455i
2.09339 + 1.88746i
-3.32329 + 9.50165i
-13.7765 + 2.00885i
6.02817 - 4.35866i
1.67254 + 7.9869i
-0.959426 + 3.53753i
-1.1949 - 10.6554i
-1.22622 + 8.0035i
3.54624 + 3.04935i
-2.63037 + 5.34566i
6.98202 + 3.28418i
8.0536 - 7.47309i
-5.34131 - 0.624566i
0.286057 - 6.82632i
0.69739 - 5.44395i
6.79889 + 2.61273i
0.112731 - 0.812417i
1.5939 - 4.42711i
7.83758 - 1.78147i
-7.34096 - 4.40121i
-6.79398 - 4.38487i
2.04746 + 5.57348i
2.64764 - 0.674207i
3.50654 - 1.34913i
5.2107 - 6.5472i
-1.57578 + 3.69611i
8.7065 + 1.48635i
-5.69597 - 2.89191i
2.12514 - 11.5103i
-3.1585 + 1.68763i
8.17207 + 2.61939i
-5.52337 + 3.51666i
0.911188 + 3.02058i
0.687797 - 1.59519i
-2.34697 + 2.35843i
-4.46363 - 4.41705i
-3.48435 + 6.78318i
6.10264 + 2.73867i
2.49402 - 0.170375i
6.94321 + 4.36683i
-5.14474 + 2.33417i
5.59114 - 5.38877i
8.39194 - 1.29117i
13.9567 - 10.5494i
-10.6168 + 5.58621i
-2.00973 + 3.68911i
0.293628 + 0.204629i
-0.866601 - 5.85351i
5.98653 + 1.44362i
6.8199 + 3.11778i
7.07927 + 0.361181i
-10.9385 - 11.6038i
1.81816 - 1.46714i
1.41821 + 3.85707i
2.80692 + 1.25818i
-0.0134652 + 2.22676i
-3.84339 + 18.1542i
1.10907 + 3.57305i
-3.37749 + 0.850555i
1.5878 + 0.603478i
1.24221 - 1.84456i
1.59202 + 5.75834i
5.82076 - 7.35262i
4.93831 + 7.28733i
-0.0716468 - 1.6294i
-11.0434 + 5.90395i
9.00056 + 6.01024i
2.19901 + 5.61517i
-6.82534 - 0.9366i
-5.55761 + 7.25641i
-3.55511 + 0.873002i
8.03992 + 4.31641i
-5.91468 + 11.3044i
13.0208 - 5.71377i
-7.80511 + 2.64714i
-2.8685 - 2.133i
-0.181084 - 2.45339i
3.41814 - 4.52996i
-3.44376 - 8.91462i
-4.49059 - 0.024907i
17.0208 + 0.770688i
0.485792 - 0.916871i
2.89242 - 5.48547i
-7.37455 + 0.0384901i
1.95884 - 3.90717i
-1.55495 - 7.70137i
5.04365 - 6.96891i
7.13019 + 3.098i
3.58702 - 1.45821i
9.10028 - 3.15047i
0.521875 + 7.58258i
0.101355 - 6.81881i
5.17838 - 9.8063i
-14.2925 + 5.6713i
6.48482 + 6.98196i
3.32614 - 1.53384i
-0.389091 - 15.0173i
-5.72286 + 3.0309i
3.83449 - 12.4272i
5.71927 - 7.3953i
6.87353 + 7.4071i
-4.12097 + 11.4334i
-6.29112 - 0.0608966i
3.79572 + 8.2274i
-4.72627 - 0.727706i
2.68555 - 4.65797i
-0.785995 + 1.3439i
-0.298967 - 1.91029i
0.664306 - 3.05169i
1.77864 - 6.14614i
7.16361 - 9.36247i
2.46367 - 7.52462i
-0.24049 - 1.31322i
2.65649 + 12.0255i
2.18429 + 8.9144i
-4.98621 + 4.58635i
1.40418 + 1.23878i
-6.2627 + 0.922625i
-4.43655 - 1.49081i
5.79845 - 7.55076i
4.75947 + 0.684574i
0.32123 - 2.33754i
-0.134401 + 4.80213i
-5.75539 - 3.63694i
-2.13635 + 0.0193448i
-9.44765 + 7.94254i
0.0208647 + 2.9842i
1.0597 + 1.60088i
-1.70072 + 1.9504i
-12.0513 - 1.33921i
-6.03782 - 4.07082i
3.07351 - 7.77934i
0.563993 + 0.742242i
1.82942 - 6.4449i
0.153922 + 4.74116i
-1.81419 - 3.38446i
6.84655 + 12.4376i
-5.50482 + 3.18061i
-2.28098 + 0.991878i
11.6984 - 2.88761i
-8.6428 - 2.56061i
-0.107867 + 6.03895i
1.27074 + 6.23579i
-2.84253 - 4.52656i
2.93444 - 2.15582i
-1.44727 - 2.77663i
4.8293 - 1.00061i
3.29146 - 8.7987i
-0.994496 + 7.14147i
0.368346 + 8.65755i
-2.10349 - 2.954i
-4.72487 + 7.45739i
1.94361 + 1.95621i
3.66727 + 0.576906i
8.07998 - 2.25587i
7.26298 - 9.87506i
4.73137 + 12.0416i
3.87444 + 3.23921i
1.80601 + 5.13151i
-2.39562 - 9.21146i
1.01347 + 6.98099i
-6.47769 + 4.50902i
8.73523 - 5.53084i
0.130455 + 1.20665i
8.88874 - 2.32046i
5.70661 + 7.48996i
7.38348 - 3.89588i
2.22777 - 0.554343i
-6.59415 + 3.19052i
0.00656152 + 0.546869i
-13.0922 + 5.8307i
-1.53373 + 5.60774i
-8.05919 + 1.39036i
1.72787 - 10.5031i
-5.15793 + 8.94339i
-2.93668 + 3.84569i
-4.12103 + 2.59189i
1.72429 - 10.893i
5.34992 - 10.5735i
-4.40356 - 0.427943i
-7.29814 - 0.425167i
-0.866444 - 1.73678i
3.08167 - 2.93414i
-3.15463 - 3.01651i
1.00548 + 7.07513i
-0.86991 - 1.88055i
7.98495 - 0.601103i
9.4915 + 0.657314i
-5.64229 + 4.77576i
1.43666 - 0.402873i
2.70094 - 5.71636i
2.02648 - 9.96737i
7.90698 + 5.83522i
0.0729412 - 6.76483i
-10.5999 + 0.934953i
-8.33637 - 1.3524i
-2.02492 - 0.485696i
3.54899 + 3.06863i
-1.19481 - 6.99971i
11.1764 + 7.27434i
0.128533 + 1.36386i
4.07351 + 2.06498i
-5.26132 + 5.81269i
0.299351 - 0.597748i
5.65311 + 9.55736i
3.25842 + 1.22793i
6.33973 + 0.988573i
7.69261 - 1.38859i
0.989227 + 3.20824i
11.2044 - 3.86887i
2.41544 - 2.96797i
1.13188 + 6.68377i
-0.405194 + 8.343i
-5.74182 + 5.20356i
-1.98165 - 1.17893i
-7.35407 - 0.961519i
-3.37159 - 1.5641i
3.51072 + 2.65475i
-7.50493 + 10.6631i
0.791321 + 0.0392139i
6.327 + 3.5247i
3.43358 - 5.84929i
2.73892 - 14.2834i
5.90775 + 4.96571i
-9.93308 - 0.150944i
8.7814 - 0.452419i
-0.214256 - 1.92479i
-1.44225 + 1.88766i
-1.75571 + 3.37219i
2.51471 + 4.44159i
4.95965 + 13.2493i
-2.23747 - 5.38701i
1.56914 + 1.09488i
4.88633 - 2.21474i
-3.64905 - 5.43768i
-0.499769 - 1.04247i
2.57087 + 0.29211i
4.51483 - 3.00981i
2.08394 - 6.76209i
-0.371538 + 3.99478i
-3.79386 + 4.41833i
2.96409 + 1.37996i
-1.36263 - 8.70497i
-3.13639 + 1.81896i
0.903956 - 2.48383i
4.518 - 9.53099i
-9.78659 - 3.59451i
5.99683 - 5.32696i
1.62707 + 5.36817i
1.448 + 4.92354i
3.59016 + 0.456818i
5.01209 - 2.75906i
6.04974 - 8.27017i
0.804779 - 3.19398i
-2.5173 + 6.54915i
0.0620904 - 0.242246i
5.62993 + 7.49694i
3.73507 - 6.38377i
1.29317 + 1.85803i
3.60523 + 0.202857i
-3.86996 + 7.29061i
5.80844 + 1.33305i
7.4062 - 1.3456i
0.572371 + 8.39874i
-1.10472 - 3.52613i
4.31856 - 10.5104i
0.878151 + 8.14915i
3.25393 + 0.731939i
-6.16963 - 2.86537i
-8.06188 + 6.39534i
-0.393423 - 8.4369i
-2.70375 - 7.37008i
5.48678 - 1.73037i
-6.66228 - 2.44387i
1.95828 - 11.6829i
-4.2435 + 1.90557i
-0.349674 + 8.95036i
-6.02392 - 7.12326i
3.15764 + 11.7765i
-2.87248 + 1.35188i
-5.23803 - 5.2269i
6.65324 - 0.461193i
0.18599 + 0.0455093i
5.72545 - 6.83415i
-1.46637 - 2.80351i
9.77121 + 1.05896i
3.5281 + 1.10229i
2.40762 + 0.159898i
4.60419 - 5.70323i
6.44373 + 0.379718i
-6.37591 - 7.20753i
2.56817 + 8.43363i
1.93842 - 6.00892i
-5.89204 + 2.3897i
-11.6007 + 6.13985i
-5.2656 + 5.80042i
6.08921 - 0.749188i
-1.1228 - 9.7801i
-9.81545 - 4.03919i
-0.130503 + 0.748656i
4.15928 - 5.02515i
3.026 + 6.58213i
-0.982376 - 3.29014i
1.70973 - 1.3737i
2.1065 - 4.67624i
8.62657 - 1.1221i
-7.14359 + 0.82727i
8.88647 - 4.51138i
-14.5434 - 0.364276i
4.58015 + 1.69635i
0.785926 - 4.50441i
7.27696 - 3.16222i
-4.11553 - 2.26483i
-7.05358 + 1.88266i
-12.2534 - 9.84252i
2.86328 + 6.90336i
-2.41739 + 6.26557i
-0.9003 - 4.03997i
-7.30923 - 2.14507i
-6.15308 - 0.0251479i
3.62723 + 4.53995i
-0.796654 - 0.125584i
4.80256 + 6.92907i
3.3346 - 19.327i
-0.539035 - 6.89387i
-1.44847 - 4.30425i
-3.60518 - 10.1481i
2.10689 - 5.12248i
8.35757 - 5.12909i
-4.19458 - 8.25318i
1.27743 + 3.97365i
-5.17765 - 0.240318i
2.20585 + 0.390761i
5.78037 + 0.194367i
2.20552 + 8.95967i
-4.62304 - 0.490918i
0.630984 + 3.3557i
6.0783 + 4.72457i
4.44306 - 1.80365i
1.47291 + 1.49378i
0.592131 - 2.62664i
6.07701 - 3.57433i
6.54076 - 5.34428i
-1.5731 + 1.79179i
-1.49643 + 0.424968i
8.96422 + 1.02224i
-7.53817 + 5.59594i
1.43155 - 2.33345i
0.883562 - 3.37679i
-0.557081 - 1.45559i
4.87618 - 3.46082i
12.9225 - 5.56153i
-1.66703 - 4.15308i
3.2423 + 2.78785i
-0.380289 - 3.91401i
-8.21819 - 8.54077i
4.50203 - 5.84437i
8.10546 + 2.20295i
-6.39589 + 5.92362i
2.68362 + 2.00993i
4.37088 - 4.68825i
-1.05813 + 3.70547i
4.86489 - 2.229i
3.41459 - 1.3678i
-0.764371 + 1.70191i
8.6056 - 4.75533i
1.86094 + 2.86218i
0.60693 + 2.5286i
2.64812 - 0.743899i
4.61455 + 7.14632i
-1.50434 + 1.19068i
-5.51318 + 6.53814i
-3.75265 + 3.98021i
3.47388 - 4.19013i
-3.06842 + 8.28351i
7.69249 + 4.04649i
-1.14404 + 0.533196i
14.5267 + 3.4476i
6.0121 + 0.400845i
-5.53792 - 0.167203i
11.8211 + 2.81336i
-14.1797 + 0.957496i
2.13526 - 9.73141i
-2.25977 - 9.28223i
8.16275 + 9.96427i
-5.93879 - 1.79697i
-1.64207 - 4.12296i
-4.61235 + 8.08069i
-7.36816 + 5.53461i
-13.3376 - 5.394i
1.41786 - 7.17013i
-4.10605 + 3.8354i
-7.22294 + 6.70546i
-4.56464 - 0.101853i
-3.7207 + 0.395698i
-1.78859 + 1.78131i
9.60824 - 2.09674i
-5.89571 - 1.26057i
-5.06705 - 2.20038i
1.0622 - 0.0627609i
4.45589 + 8.91802i
3.24208 - 2.6368i
0.123552 + 10.3045i
-2.34224 - 4.70121i
-6.31987 + 10.555i
2.66437 + 3.50378i
0.0632863 - 1.18272i
-0.161371 + 5.32408i
1.15217 - 4.957i
9.04975 + 3.20946i
0.0518198 - 1.52958i
-0.658624 - 1.30658i
-7.30926 - 7.834i
7.26838 - 5.52965i
-7.2009 + 3.01656i
-0.612744 - 1.48662i
8.42956 - 5.31546i
7.70304 - 4.20154i
-5.42639 - 3.13017i
-6.47484 - 2.20902i
-3.92963 + 2.67268i
-1.18092 + 5.30456i
8.72808 - 1.32675i
-5.75731 - 0.564148i
0.757103 - 0.804404i
-0.307232 - 0.600043i
0.6863 + 12.0404i
-1.84204 - 1.11166i
-0.575413 - 5.32124i
1.29986 + 0.928732i
4.73054 + 0.906687i
-6.36583 - 5.47077i
-1.41051 - 0.0351629i
3.96933 + 2.41474i
7.0598 - 2.38325i
-6.18637 - 1.86214i
12.9695 + 3.0319i
-1.36853 - 10.6426i
1.94975 + 5.66288i
-2.82196 + 2.21607i
-3.13595 + 1.05438i
7.2035 + 0.931013i
-2.70419 - 2.98444i
3.92069 + 6.53153i
2.19042 + 1.49941i
-1.85716 + 3.49509i
-5.00483 - 2.95474i
-0.567626 + 5.9355i
-7.80174 + 0.592106i
7.0059 - 5.44287i
1.38858 - 4.37603i
3.69675 + 0.754978i
8.76808 + 3.87929i
-10.3648 - 1.95247i
7.11303 - 3.85014i
-0.333405 + 2.74498i
-4.37036 + 9.94446i
5.31722 + 2.69884i
3.58894 + 4.48487i
7.10458 - 3.35047i
-2.12433 - 1.73338i
-2.87423 + 14.4234i
5.86772 + 2.70657i
-2.46256 - 0.824082i
-6.47572 + 1.13048i
-3.3592 - 3.73194i
-3.61534 + 3.40677i
-1.66413 + 0.872236i
0.254484 + 2.41175i
-6.95427 - 9.69946i
-3.93192 - 2.28306i
2.95847 - 0.407813i
-9.99934 + 6.32493i
0.855079 + 1.50695i
-1.36659 - 8.93561i
-3.27346 - 0.543759i
-6.99303 - 3.07151i
3.67239 + 2.37805i
3.54526 + 1.46305i
0.0715287 + 1.5796i
0.831792 - 4.77166i
-2.26016 + 1.49392i
-0.0584338 - 4.49094i
4.45895 + 8.43782i
-5.65275 - 4.12649i
-6.50513 - 2.04805i
2.81509 - 0.835752i
5.17819 - 0.0225597i
-5.83768 - 5.75144i
1.71598 - 6.37853i
-0.23543 - 0.571161i
-3.93048 + 12.1693i
-1.05098 + 7.37634i
-2.85974 + 0.9723i
-1.49097 + 1.62979i
6.16359 + 2.88437i
-1.39015 - 1.54648i
-5.47607 - 0.336957i
-8.90794 + 0.604465i
1.06107 + 0.00327384i
3.25868 + 4.85831i
2.27547 + 6.86706i
-4.05247 - 1.3791i
-7.06872 + 5.75559i
2.32099 + 0.333217i
-0.230772 + 3.45432i
-8.38307 - 3.9531i
-1.42064 - 1.073i
-0.915511 - 0.559628i
1.54052 - 6.25456i
-1.44632 + 3.83277i
-12.2754 + 7.63157i
0.207143 + 20.87i
2.58034 + 2.52994i
-2.85481 - 2.27473i
5.49383 + 3.44438i
1.25449 - 0.0606217i
-3.70326 - 2.08966i
-9.63702 + 4.59056i
-3.44498 - 3.30486i
-0.0909085 + 6.05876i
5.39141 + 4.19178i
-8.45735 + 1.93935i
-9.43233 + 5.05046i
1.80758 - 6.12454i
-1.03405 + 11.4823i
3.05834 + 5.02882i
-9.05017 - 0.910825i
-1.92379 - 3.4445i
0.730109 + 3.57353i
-1.15116 - 6.11195i
5.45098 + 7.17012i
2.357 + 2.54142i
0.235711 + 2.3422i
-1.42321 - 0.836235i
-5.05324 + 4.42063i
-0.656614 - 5.62533i
6.02036 - 0.856184i
-5.56165 - 4.73552i
2.97177 - 4.68385i
12.348 + 5.0468i
1.12202 + 1.38927i
5.08796 + 0.00536835i
-9.02677 + 7.88195i
1.0072 + 1.22437i
4.24314 + 3.53104i
4.0434 + 6.79524i
1.45871 - 5.19988i
8.97839 - 0.58181i
5.46019 - 4.50851i
-6.98699 + 2.23775i
0.4382 - 11.6085i
-6.58546 + 7.78349i
-11.3068 + 22.3943i
-7.96321 + 2.12951i
1.42396 - 3.22218i
-7.23582 + 0.96401i
3.49444 - 1.9987i
4.86045 + 1.10091i
-5.21276 - 3.63753i
-1.69654 - 1.30843i
8.52871 - 5.72105i
4.70682 - 2.88317i
2.67479 + 3.65834i
0.215367 + 0.673447i
0.111706 + 1.679i
3.986 - 0.517149i
-1.8956 - 6.72283i
-0.158983 + 0.384672i
-1.47666 - 7.95003i
8.74677 - 6.53674i
2.60056 + 0.120107i
1.42497 - 2.29529i
-0.115529 + 0.711373i
-5.39834 - 4.31605i
2.25966 + 4.10612i
-1.40742 + 3.99706i
-5.73946 + 3.59776i
2.48139 - 11.287i
-15.2484 - 5.81845i
3.61583 + 9.05277i
2.65797 - 7.22127i
-3.30389 + 4.17065i
-6.12624 + 3.02047i
3.84598 + 1.20954i
-3.52759 - 5.75541i
3.75762 + 1.3303i
-1.02433 - 0.218545i
-1.54698 + 3.10662i
-0.405663 - 0.656489i
-6.81841 + 9.97203i
-4.17858 + 1.38208i
-4.67614 - 5.89415i
3.59923 + 10.4388i
-3.03124 + 4.22639i
9.58014 - 1.27098i
-2.12523 + 11.1131i
-4.00172 - 4.78185i
-0.828963 + 1.86382i
9.59122 - 5.03525i
3.69811 - 2.49262i
1.95238 - 11.3627i
-1.45771 + 8.33378i
0.927613 - 7.85468i
8.9627 - 8.18573i
-8.47964 + 5.08817i
-3.64935 - 1.86766i
-3.86356 - 5.35659i
-4.46027 - 1.07404i
8.43098 - 2.39484i
4.51288 - 4.67937i
-6.92368 - 1.34805i
-1.96294 - 8.86168i
-10.6033 + 7.46537i
14.0562 - 3.68304i
3.30196 + 2.64409i
-1.19729 - 6.98925i
6.59388 - 4.23922i
-10.7815 - 0.541353i
-11.8765 - 1.29911i
1.99952 - 10.6466i
-3.78739 + 2.49455i
5.15126 - 5.2587i
-1.06429 - 2.22756i
0.31026 - 1.1432i
4.48941 + 2.08651i
-6.21546 + 2.61616i
-0.816987 + 8.12132i
-1.47408 + 1.49611i
-3.0072 + 3.04968i
6.18513 + 2.25967i
3.17866 + 3.92673i
-0.789271 - 11.0183i
-1.34897 + 1.57705i
3.21491 + 4.50416i
-0.918375 + 3.86283i
0.144796 - 8.7011i
6.19564 - 2.94907i
-1.81698 + 2.05833i
2.17492 + 1.89287i
5.06543 + 0.942571i
-3.87823 + 2.73457i
1.71265 + 13.0334i
-12.1607 + 4.56472i
-6.67664 - 0.924774i
-2.98887 + 4.08913i
1.50721 + 6.32093i
0.612407 - 8.80168i
0.442534 - 6.00936i
3.84334 + 2.90907i
-9.06258 + 5.34748i
3.09413 - 8.04247i
-2.67522 - 7.24978i
-4.12725 + 0.622197i
-0.699981 - 9.70731i
-1.21262 + 6.61029i
8.31245 - 0.41798i
-12.2813 + 0.268868i
-3.61132 + 0.641248i
-0.561499 + 2.46504i
-6.00764 - 4.14471i
4.27892 + 2.94013i
-0.273022 + 5.53207i
-8.23778 + 5.92921i
-2.6794 + 7.69023i
13.6862 + 3.21849i
2.3461 + 12.2152i
-0.295498 - 5.41104i
1.93193 + 5.12514i
4.98009 + 4.1366i
-4.42409 - 3.78624i
-10.4917 - 3.27411i
-7.20707 + 4.97118i
-3.80465 - 1.74686i
-8.14683 + 7.75683i
15.221 - 6.44657i
1.42956 - 1.75259i
-3.17333 + 1.78814i
5.50875 + 6.13781i
3.18938 + 0.788491i
-8.93043 + 4.74002i
2.25627 + 6.18953i
0.342194 + 11.6684i
-6.32401 + 3.52051i
-8.16255 - 6.26481i
1.92986 + 7.37008i
-2.72144 - 2.81745i
-3.29435 - 0.239153i
-0.624721 - 8.28549i
5.58154 + 6.40983i
0.962369 + 1.49382i
6.26718 - 0.130112i
9.56212 - 10.3115i
-7.14063 - 3.63596i
2.39426 + 2.84681i
5.36904 - 12.5606i
0.588047 - 12.4788i
-2.14555 - 1.11977i
2.20727 - 1.80061i
-2.72149 - 3.37049i
4.34576 - 0.315437i
-2.62122 + 5.0826i
-0.40643 - 1.91742i
0.8884 + 7.65055i
-2.82176 + 0.719256i
-4.42001 - 0.187701i
-1.81721 + 6.38387i
0.164841 + 0.00550911i
10.1181 + 4.98037i
2.2063 + 7.80062i
2.20281 + 4.84132i
1.03676 + 1.96944i
-6.88221 - 8.37883i
-6.00496 - 7.69739i
-3.5449 - 2.91098i
3.14137 + 4.67871i
-4.13765 + 5.08733i
-3.7461 + 4.38547i
-12.8786 - 3.20944i
-5.35469 - 8.06292i
-6.6121 + 4.96497i
2.60334 - 2.37646i
-0.503769 + 3.07248i
4.56354 + 0.299809i
9.14589 - 8.16871i
-0.434962 + 1.24078i
0.0232487 + 3.61072i
8.89166 + 2.28702i
-0.605641 - 1.21647i
0.593091 - 0.853695i
-5.49287 + 2.01108i
3.34756 + 7.03622i
-2.97708 + 2.76497i
0.210135 + 9.5072i
0.0463055 - 9.42752i
5.68067 + 0.0423547i
-7.6902 - 3.48914i
-6.44345 + 1.51526i
4.06072 + 3.77614i
4.62578 - 2.29284i
-1.43684 + 8.70889i
-3.03885 - 8.2903i
4.99952 - 4.8503i
-1.41264 + 7.106i
-1.96538 - 7.2317i
-5.18343 + 0.977634i
2.845 + 7.57137i
0.774543 + 9.27619i
-4.8846 - 0.59417i
-1.89208 - 2.34896i
1.35552 + 0.328589i
6.94296 - 8.0759i
-5.17827 + 0.234976i
5.7976 - 1.21495i
-7.06756 + 4.34126i
1.34965 - 8.00757i
-8.14993 - 6.80914i
0.365152 + 2.45472i
-8.55092 + 6.35878i
-0.604074 - 5.97994i
-13.9797 + 4.10521i
1.83539 - 3.75495i
5.80836 - 3.19369i
0.1472 - 6.40164i
2.97007 - 2.11545i
1.48353 + 2.43106i
-7.49155 + 1.44343i
-6.21254 - 1.73757i
-9.98373 - 6.55865i
-1.45578 + 3.52099i
3.8613 + 4.73369i
-1.52367 + 6.28634i
0.158553 + 4.57797i
4.85877 - 0.656435i
2.03729 + 3.68112i
0.776073 + 4.74441i
-9.25256 + 1.23227i
-4.17239 - 1.48514i
-3.14923 - 0.87299i
3.04249 + 0.186447i
-0.247165 + 1.81826i
3.58588 - 7.69951i
11.4169 + 2.37623i
5.25094 - 0.84964i
3.68278 - 4.10114i
11.8724 + 3.00361i
0.755943 + 6.68499i
0.352181 + 5.89627i
-7.19211 + 2.32956i
-2.49449 - 6.63407i
6.37101 + 4.36328i
3.92635 - 1.0448i
-2.28516 - 4.69534i
-8.60896 - 5.22023i
-0.179962 + 5.84122i
-8.42881 - 0.26438i
3.99251 + 0.738181i
5.05634 - 3.17742i
15.6748 + 3.84444i
5.29992 - 2.86961i
8.58412 - 4.70662i
-2.36942 - 6.51405i
1.41897 + 0.0621387i
-6.70776 - 3.99756i
-4.65498 + 2.35444i
-4.618 - 11.8811i
1.43722 - 11.6372i
-2.95584 - 1.78117i
1.62126 + 6.04151i
1.16175 - 7.09908i
1.23175 + 3.10303i
0.645563 - 5.08658i
0.012897 + 8.72262i
4.88342 - 3.21255i
-0.329131 + 0.843366i
2.8008 - 12.997i
3.79672 + 12.2217i
-1.62819 - 4.64i
1.4696 - 7.63667i
-4.97056 + 1.40731i
1.50675 + 1.09291i
-0.478143 - 0.979226i
-8.71798 + 0.142727i
1.33258 + 11.8808i
6.21809 + 8.30417i
-2.58358 + 6.36337i
-2.4521 + 1.16859i
-2.3179 + 0.263585i
-1.11388 + 5.50296i
-0.959519 + 5.79058i
-6.14124 + 3.70759i
-4.15057 + 4.53902i
-3.25705 - 1.64014i
4.46225 + 2.25724i
1.03871 + 3.30785i
3.82947 + 0.919727i
6.90887 - 6.49402i
7.07417 + 1.34414i
-1.27714 - 6.41776i
2.72563 - 2.58004i
-3.50353 - 0.148896i
2.27674 + 6.26471i
-2.97031 - 5.27818i
9.31968 - 2.73985i
7.57044 + 0.687604i
-2.85895 - 9.03506i
-4.20064 + 9.4236i
-3.69272 + 1.96121i
3.66558 + 5.54516i
3.8946 - 6.56082i
-3.08603 + 3.65802i
6.20933 + 6.03061i
-5.52725 + 5.05918i
-1.25387 - 1.00682i
-4.09463 + 0.749612i
2.50895 + 3.82047i
0.0675411 - 8.05427i
-3.91854 - 5.57772i
6.69205 - 2.28334i
-1.18063 + 2.48481i
-3.38941 - 3.46069i
1.98798 - 1.49041i
-2.31998 - 4.3831i
-4.03569 + 6.46686i
-1.22011 - 1.75785i
6.35524 - 4.32485i
-2.95136 + 5.81645i
8.43096 - 9.17911i
3.4183 + 4.3925i
-3.28041 + 3.94496i
0.779023 - 6.03788i
-6.44596 - 1.18694i
1.57113 - 2.50972i
-6.15659 - 0.397955i
4.31091 + 0.0895736i
2.59571 + 6.71433i
-2.89455 + 4.66914i
-7.74581 - 5.37951i
-0.277577 - 2.89942i
-0.199617 - 0.836731i
1.16489 - 2.5596i
-1.05688 + 9.75046i
5.26074 - 2.465i
-2.5659 - 5.1625i
5.00655 - 6.51409i
0.782604 + 2.2296i
-0.700856 - 2.26022i
-2.37083 + 2.84573i
1.30036 - 2.39679i
2.988 + 3.53832i
-1.21437 + 11.6016i
-2.04499 + 2.69965i
5.25083 - 2.52668i
1.99872 + 2.48809i
-6.61814 + 7.135i
1.99872 + 2.48809i
5.25083 - 2.52668i
-2.04499 + 2.69965i
-1.21437 + 11.6016i
2.988 + 3.53832i
1.30036 - 2.39679i
-2.37083 + 2.84573i
-0.700856 - 2.26022i
0.782604 + 2.2296i
5.00655 - 6.51409i
-2.5659 - 5.1625i
5.26074 - 2.465i
-1.05688 + 9.75046i
1.16489 - 2.5596i
-0.199617 - 0.836731i
-0.277577 - 2.89942i
-7.74581 - 5.37951i
-2.89455 + 4.66914i
2.59571 + 6.71433i
4.31091 + 0.0895736i
-6.15659 - 0.397955i
1.57113 - 2.50972i
-6.44596 - 1.18694i
0.779023 - 6.03788i
-3.28041 + 3.94496i
3.4183 + 4.3925i
8.43096 - 9.17911i
-2.95136 + 5.81645i
6.35524 - 4.32485i
-1.22011 - 1.75785i
-4.03569 + 6.46686i
-2.31998 - 4.3831i
1.98798 - 1.49041i
-3.38941 - 3.46069i
-1.18063 + 2.48481i
6.69205 - 2.28334i
-3.91854 - 5.57772i
0.0675411 - 8.05427i
2.50895 + 3.82047i
-4.09463 + 0.749612i
-1.25387 - 1.00682i
-5.52725 + 5.05918i
6.20933 + 6.03061i
-3.08603 + 3.65802i
3.8946 - 6.56082i
3.66558 + 5.54516i
-3.69272 + 1.96121i
-4.20064 + 9.4236i
-2.85895 - 9.03506i
7.57044 + 0.687604i
9.31968 - 2.73985i
-2.97031 - 5.27818i
2.27674 + 6.26471i
-3.50353 - 0.148896i
2.72563 - 2.58004i
-1.27714 - 6.41776i
7.07417 + 1.34414i
6.90887 - 6.49402i
3.82947 + 0.919727i
1.03871 + 3.30785i
4.46225 + 2.25724i
-3.25705 - 1.64014i
-4.15057 + 4.53902i
-6.14124 + 3.70759i
-0.959519 + 5.79058i
-1.11388 + 5.50296i
-2.3179 + 0.263585i
-2.4521 + 1.16859i
-2.58358 + 6.36337i
6.21809 + 8.30417i
1.33258 + 11.8808i
-8.71798 + 0.142727i
-0.478143 - 0.979226i
1.50675 + 1.09291i
-4.97056 + 1.40731i
1.4696 - 7.63667i
-1.62819 - 4.64i
3.79672 + 12.2217i
2.8008 - 12.997i
-0.329131 + 0.843366i
4.88342 - 3.21255i
0.012897 + 8.72262i
0.645563 - 5.08658i
1.23175 + 3.10303i
1.16175 - 7.09908i
1.62126 + 6.04151i
-2.95584 - 1.78117i
1.43722 - 11.6372i
-4.618 - 11.8811i
-4.65498 + 2.35444i
-6.70776 - 3.99756i
1.41897 + 0.0621387i
-2.36942 - 6.51405i
8.58412 - 4.70662i
5.29992 - 2.86961i
15.6748 + 3.84444i
5.05634 - 3.17742i
3.99251 + 0.738181i
-8.42881 - 0.26438i
-0.179962 + 5.84122i
-8.60896 - 5.22023i
-2.28516 - 4.69534i
3.92635 - 1.0448i
6.37101 + 4.36328i
-2.49449 - 6.63407i
-7.19211 + 2.32956i
0.352181 + 5.89627i
0.755943 + 6.68499i
11.8724 + 3.00361i
3.68278 - 4.10114i
5.25094 - 0.84964i
11.4169 + 2.37623i
3.58588 - 7.69951i
-0.247165 + 1.81826i
3.04249 + 0.186447i
-3.14923 - 0.87299i
-4.17239 - 1.48514i
-9.25256 + 1.23227i
0.776073 + 4.74441i
2.03729 + 3.68112i
4.85877 - 0.656435i
0.158553 + 4.57797i
-1.52367 + 6.28634i
3.8613 + 4.73369i
-1.45578 + 3.52099i
-9.98373 - 6.55865i
-6.21254 - 1.73757i
-7.49155 + 1.44343i
1.48353 + 2.43106i
2.97007 - 2.11545i
0.1472 - 6.40164i
5.80836 - 3.19369i
1.83539 - 3.75495i
-13.9797 + 4.10521i
-0.604074 - 5.97994i
-8.55092 + 6.35878i
0.365152 + 2.45472i
-8.14993 - 6.80914i
1.34965 - 8.00757i
-7.06756 + 4.34126i
5.7976 - 1.21495i
-5.17827 + 0.234976i
6.94296 - 8.0759i
1.35552 + 0.328589i
-1.89208 - 2.34896i
-4.8846 - 0.59417i
0.774543 + 9.27619i
2.845 + 7.57137i
-5.18343 + 0.977634i
-1.96538 - 7.2317i
-1.41264 + 7.106i
4.99952 - 4.8503i
-3.03885 - 8.2903i
-1.43684 + 8.70889i
4.62578 - 2.29284i
4.06072 + 3.77614i
-6.44345 + 1.51526i
-7.6902 - 3.48914i
5.68067 + 0.0423547i
0.0463055 - 9.42752i
0.210135 + 9.5072i
-2.97708 + 2.76497i
3.34756 + 7.03622i
-5.49287 + 2.01108i
0.593091 - 0.853695i
-0.605641 - 1.21647i
8.89166 + 2.28702i
0.0232487 + 3.61072i
-0.434962 + 1.24078i
9.14589 - 8.16871i
4.56354 + 0.299809i
-0.503769 + 3.07248i
2.60334 - 2.37646i
-6.6121 + 4.96497i
-5.35469 - 8.06292i
-12.8786 - 3.20944i
-3.7461 + 4.38547i
-4.13765 + 5.08733i
3.14137 + 4.67871i
-3.5449 - 2.91098i
-6.00496 - 7.69739i
-6.88221 - 8.37883i
1.03676 + 1.96944i
2.20281 + 4.84132i
2.2063 + 7.80062i
10.1181 + 4.98037i
0.164841 + 0.00550911i
-1.81721 + 6.38387i
-4.42001 - 0.187701i
-2.82176 + 0.719256i
0.8884 + 7.65055i
-0.40643 - 1.91742i
-2.62122 + 5.0826i
4.34576 - 0.315437i
-2.72149 - 3.37049i
2.20727 - 1.80061i
-2.14555 - 1.11977i
0.588047 - 12.4788i
5.36904 - 12.5606i
2.39426 + 2.84681i
-7.14063 - 3.63596i
9.56212 - 10.3115i
6.26718 - 0.130112i
0.962369 + 1.49382i
5.58154 + 6.40983i
-0.624721 - 8.28549i
-3.29435 - 0.239153i
-2.72144 - 2.81745i
1.92986 + 7.37008i
-8.16255 - 6.26481i
-6.32401 + 3.52051i
0.342194 + 11.6684i
2.25627 + 6.18953i
-8.93043 + 4.74002i
3.18938 + 0.788491i
5.50875 + 6.13781i
-3.17333 + 1.78814i
1.42956 - 1.75259i
15.221 - 6.44657i
-8.14683 + 7.75683i
-3.80465 - 1.74686i
-7.20707 + 4.97118i
-10.4917 - 3.27411i
-4.42409 - 3.78624i
4.98009 + 4.1366i
1.93193 + 5.12514i
-0.295498 - 5.41104i
2.3461 + 12.2152i
13.6862 + 3.21849i
-2.6794 + 7.69023i
-8.23778 + 5.92921i
-0.273022 + 5.53207i
4.27892 + 2.94013i
-6.00764 - 4.14471i
-0.561499 + 2.46504i
-3.61132 + 0.641248i
-12.2813 + 0.268868i
8.31245 - 0.41798i
-1.21262 + 6.61029i
-0.699981 - 9.70731i
-4.12725 + 0.622197i
-2.67522 - 7.24978i
3.09413 - 8.04247i
-9.06258 + 5.34748i
3.84334 + 2.90907i
0.442534 - 6.00936i
0.612407 - 8.80168i
1.50721 + 6.32093i
-2.98887 + 4.08913i
-6.67664 - 0.924774i
-12.1607 + 4.56472i
1.71265 + 13.0334i
-3.87823 + 2.73457i
5.06543 + 0.942571i
2.17492 + 1.89287i
-1.81698 + 2.05833i
6.19564 - 2.94907i
0.144796 - 8.7011i
-0.918375 + 3.86283i
3.21491 + 4.50416i
-1.34897 + 1.57705i
-0.789271 - 11.0183i
3.17866 + 3.92673i
6.18513 + 2.25967i
-3.0072 + 3.04968i
-1.47408 + 1.49611i
-0.816987 + 8.12132i
-6.21546 + 2.61616i
4.48941 + 2.08651i
0.31026 - 1.1432i
-1.06429 - 2.22756i
5.15126 - 5.2587i
-3.78739 + 2.49455i
1.99952 - 10.6466i
-11.8765 - 1.29911i
-10.7815 - 0.541353i
6.59388 - 4.23922i
-1.19729 - 6.98925i
3.30196 + 2.64409i
14.0562 - 3.68304i
-10.6033 + 7.46537i
-1.96294 - 8.86168i
-6.92368 - 1.34805i
4.51288 - 4.67937i
8.43098 - 2.39484i
-4.46027 - 1.07404i
-3.86356 - 5.35659i
-3.64935 - 1.86766i
-8.47964 + 5.08817i
8.9627 - 8.18573i
0.927613 - 7.85468i
-1.45771 + 8.33378i
1.95238 - 11.3627i
3.69811 - 2.49262i
9.59122 - 5.03525i
-0.828963 + 1.86382i
-4.00172 - 4.78185i
-2.12523 + 11.1131i
9.58014 - 1.27098i
-3.03124 + 4.22639i
3.59923 + 10.4388i
-4.67614 - 5.89415i
-4.17858 + 1.38208i
-6.81841 + 9.97203i
-0.405663 - 0.656489i
-1.54698 + 3.10662i
-1.02433 - 0.218545i
3.75762 + 1.3303i
-3.52759 - 5.75541i
3.84598 + 1.20954i
-6.12624 + 3.02047i
-3.30389 + 4.17065i
2.65797 - 7.22127i
3.61583 + 9.05277i
-15.2484 - 5.81845i
2.48139 - 11.287i
-5.73946 + 3.59776i
-1.40742 + 3.99706i
2.25966 + 4.10612i
-5.39834 - 4.31605i
-0.115529 + 0.711373i
1.42497 - 2.29529i
2.60056 + 0.120107i
8.74677 - 6.53674i
-1.47666 - 7.95003i
-0.158983 + 0.384672i
-1.8956 - 6.72283i
3.986 - 0.517149i
0.111706 + 1.679i
0.215367 + 0.673447i
2.67479 + 3.65834i
4.70682 - 2.88317i
8.52871 - 5.72105i
-1.69654 - 1.30843i
-5.21276 - 3.63753i
4.86045 + 1.10091i
3.49444 - 1.9987i
-7.23582 + 0.96401i
1.42396 - 3.22218i
-7.96321 + 2.12951i
-11.3068 + 22.3943i
-6.58546 + 7.78349i
0.4382 - 11.6085i
-6.98699 + 2.23775i
5.46019 - 4.50851i
8.97839 - 0.58181i
1.45871 - 5.19988i
4.0434 + 6.79524i
4.24314 + 3.53104i
1.0072 + 1.22437i
-9.02677 + 7.88195i
5.08796 + 0.00536835i
1.12202 + 1.38927i
12.348 + 5.0468i
2.97177 - 4.68385i
-5.56165 - 4.73552i
6.02036 - 0.856184i
-0.656614 - 5.62533i
-5.05324 + 4.42063i
-1.42321 - 0.836235i
0.235711 + 2.3422i
2.357 + 2.54142i
5.45098 + 7.17012i
-1.15116 - 6.11195i
0.730109 + 3.57353i
-1.92379 - 3.4445i
-9.05017 - 0.910825i
3.05834 + 5.02882i
-1.03405 + 11.4823i
1.80758 - 6.12454i
-9.43233 + 5.05046i
-8.45735 + 1.93935i
5.39141 + 4.19178i
-0.0909085 + 6.05876i
-3.44498 - 3.30486i
-9.63702 + 4.59056i
-3.70326 - 2.08966i
1.25449 - 0.0606217i
5.49383 + 3.44438i
-2.85481 - 2.27473i
2.58034 + 2.52994i
0.207143 + 20.87i
-12.2754 + 7.63157i
-1.44632 + 3.83277i
1.54052 - 6.25456i
-0.915511 - 0.559628i
-1.42064 - 1.073i
-8.38307 - 3.9531i
-0.230772 + 3.45432i
2.32099 + 0.333217i
-7.06872 + 5.75559i
-4.05247 - 1.3791i
2.27547 + 6.86706i
3.25868 + 4.85831i
1.06107 + 0.00327384i
-8.90794 + 0.604465i
-5.47607 - 0.336957i
-1.39015 - 1.54648i
6.16359 + 2.88437i
-1.49097 + 1.62979i
-2.85974 + 0.9723i
-1.05098 + 7.37634i
-3.93048 + 12.1693i
-0.23543 - 0.571161i
1.71598 - 6.37853i
-5.83768 - 5.75144i
5.17819 - 0.0225597i
2.81509 - 0.835752i
-6.50513 - 2.04805i
-5.65275 - 4.12649i
4.45895 + 8.43782i
-0.0584338 - 4.49094i
-2.26016 + 1.49392i
0.831792 - 4.77166i
0.0715287 + 1.5796i
3.54526 + 1.46305i
3.67239 + 2.37805i
-6.99303 - 3.07151i
-3.27346 - 0.543759i
-1.36659 - 8.93561i
0.855079 + 1.50695i
-9.99934 + 6.32493i
2.95847 - 0.407813i
-3.93192 - 2.28306i
-6.95427 - 9.69946i
0.254484 + 2.41175i
-1.66413 + 0.872236i
-3.61534 + 3.40677i
-3.3592 - 3.73194i
-6.47572 + 1.13048i
-2.46256 - 0.824082i
5.86772 + 2.70657i
-2.87423 + 14.4234i
-2.12433 - 1.73338i
7.10458 - 3.35047i
3.58894 + 4.48487i
5.31722 + 2.69884i
-4.37036 + 9.94446i
-0.333405 + 2.74498i
7.11303 - 3.85014i
-10.3648 - 1.95247i
8.76808 + 3.87929i
3.69675 + 0.754978i
1.38858 - 4.37603i
7.0059 - 5.44287i
-7.80174 + 0.592106i
-0.567626 + 5.9355i
-5.00483 - 2.95474i
-1.85716 + 3.49509i
2.19042 + 1.49941i
3.92069 + 6.53153i
-2.70419 - 2.98444i
7.2035 + 0.931013i
-3.13595 + 1.05438i
-2.82196 + 2.21607i
1.94975 + 5.66288i
-1.36853 - 10.6426i
12.9695 + 3.0319i
-6.18637 - 1.86214i
7.0598 - 2.38325i
3.96933 + 2.41474i
-1.41051 - 0.0351629i
-6.36583 - 5.47077i
4.73054 + 0.906687i
1.29986 + 0.928732i
-0.575413 - 5.32124i
-1.84204 - 1.11166i
0.6863 + 12.0404i
-0.307232 - 0.600043i
0.757103 - 0.804404i
-5.75731 - 0.564148i
8.72808 - 1.32675i
-1.18092 + 5.30456i
-3.92963 + 2.67268i
-6.47484 - 2.20902i
-5.42639 - 3.13017i
7.70304 - 4.20154i
8.42956 - 5.31546i
-0.612744 - 1.48662i
-7.2009 + 3.01656i
7.26838 - 5.52965i
-7.30926 - 7.834i
-0.658624 - 1.30658i
0.0518198 - 1.52958i
9.04975 + 3.20946i
1.15217 - 4.957i
-0.161371 + 5.32408i
0.0632863 - 1.18272i
2.66437 + 3.50378i
-6.31987 + 10.555i
-2.34224 - 4.70121i
0.123552 + 10.3045i
3.24208 - 2.6368i
4.45589 + 8.91802i
1.0622 - 0.0627609i
-5.06705 - 2.20038i
-5.89571 - 1.26057i
9.60824 - 2.09674i
-1.78859 + 1.78131i
-3.7207 + 0.395698i
-4.56464 - 0.101853i
-7.22294 + 6.70546i
-4.10605 + 3.8354i
1.41786 - 7.17013i
-13.3376 - 5.394i
-7.36816 + 5.53461i
-4.61235 + 8.08069i
-1.64207 - 4.12296i
-5.93879 - 1.79697i
8.16275 + 9.96427i
-2.25977 - 9.28223i
2.13526 - 9.73141i
-14.1797 + 0.957496i
11.8211 + 2.81336i
-5.53792 - 0.167203i
6.0121 + 0.400845i
14.5267 + 3.4476i
-1.14404 + 0.533196i
7.69249 + 4.04649i
-3.06842 + 8.28351i
3.47388 - 4.19013i
-3.75265 + 3.98021i
-5.51318 + 6.53814i
-1.50434 + 1.19068i
4.61455 + 7.14632i
2.64812 - 0.743899i
0.60693 + 2.5286i
1.86094 + 2.86218i
8.6056 - 4.75533i
-0.764371 + 1.70191i
3.41459 - 1.3678i
4.86489 - 2.229i
-1.05813 + 3.70547i
4.37088 - 4.68825i
2.68362 + 2.00993i
-6.39589 + 5.92362i
8.10546 + 2.20295i
4.50203 - 5.84437i
-8.21819 - 8.54077i
-0.380289 - 3.91401i
3.2423 + 2.78785i
-1.66703 - 4.15308i
12.9225 - 5.56153i
4.87618 - 3.46082i
-0.557081 - 1.45559i
0.883562 - 3.37679i
1.43155 - 2.33345i
-7.53817 + 5.59594i
8.96422 + 1.02224i
-1.49643 + 0.424968i
-1.5731 + 1.79179i
6.54076 - 5.34428i
6.07701 - 3.57433i
0.592131 - 2.62664i
1.47291 + 1.49378i
4.44306 - 1.80365i
6.0783 + 4.72457i
0.630984 + 3.3557i
-4.62304 - 0.490918i
2.20552 + 8.95967i
5.78037 + 0.194367i
2.20585 + 0.390761i
-5.17765 - 0.240318i
1.27743 + 3.97365i
-4.19458 - 8.25318i
8.35757 - 5.12909i
2.10689 - 5.12248i
-3.60518 - 10.1481i
-1.44847 - 4.30425i
-0.539035 - 6.89387i
3.3346 - 19.327i
4.80256 + 6.92907i
-0.796654 - 0.125584i
3.62723 + 4.53995i
-6.15308 - 0.0251479i
-7.30923 - 2.14507i
-0.9003 - 4.03997i
-2.41739 + 6.26557i
2.86328 + 6.90336i
-12.2534 - 9.84252i
-7.05358 + 1.88266i
-4.11553 - 2.26483i
7.27696 - 3.16222i
0.785926 - 4.50441i
4.58015 + 1.69635i
-14.5434 - 0.364276i
8.88647 - 4.51138i
-7.14359 + 0.82727i
8.62657 - 1.1221i
2.1065 - 4.67624i
1.70973 - 1.3737i
-0.982376 - 3.29014i
3.026 + 6.58213i
4.15928 - 5.02515i
-0.130503 + 0.748656i
-9.81545 - 4.03919i
-1.1228 - 9.7801i
6.08921 - 0.749188i
-5.2656 + 5.80042i
-11.6007 + 6.13985i
-5.89204 + 2.3897i
1.93842 - 6.00892i
2.56817 + 8.43363i
-6.37591 - 7.20753i
6.44373 + 0.379718i
4.60419 - 5.70323i
2.40762 + 0.159898i
3.5281 + 1.10229i
9.77121 + 1.05896i
-1.46637 - 2.80351i
5.72545 - 6.83415i
0.18599 + 0.0455093i
6.65324 - 0.461193i
-5.23803 - 5.2269i
-2.87248 + 1.35188i
3.15764 + 11.7765i
-6.02392 - 7.12326i
-0.349674 + 8.95036i
-4.2435 + 1.90557i
1.95828 - 11.6829i
-6.66228 - 2.44387i
5.48678 - 1.73037i
-2.70375 - 7.37008i
-0.393423 - 8.4369i
-8.06188 + 6.39534i
-6.16963 - 2.86537i
3.25393 + 0.731939i
0.878151 + 8.14915i
4.31856 - 10.5104i
-1.10472 - 3.52613i
0.572371 + 8.39874i
7.4062 - 1.3456i
5.80844 + 1.33305i
-3.86996 + 7.29061i
3.60523 + 0.202857i
1.29317 + 1.85803i
3.73507 - 6.38377i
5.62993 + 7.49694i
0.0620904 - 0.242246i
-2.5173 + 6.54915i
0.804779 - 3.19398i
6.04974 - 8.27017i
5.01209 - 2.75906i
3.59016 + 0.456818i
1.448 + 4.92354i
1.62707 + 5.36817i
5.99683 - 5.32696i
-9.78659 - 3.59451i
4.518 - 9.53099i
0.903956 - 2.48383i
-3.13639 + 1.81896i
-1.36263 - 8.70497i
2.96409 + 1.37996i
-3.79386 + 4.41833i
-0.371538 + 3.99478i
2.08394 - 6.76209i
4.51483 - 3.00981i
2.57087 + 0.29211i
-0.499769 - 1.04247i
-3.64905 - 5.43768i
4.88633 - 2.21474i
1.56914 + 1.09488i
-2.23747 - 5.38701i
4.95965 + 13.2493i
2.51471 + 4.44159i
-1.75571 + 3.37219i
-1.44225 + 1.88766i
-0.214256 - 1.92479i
8.7814 - 0.452419i
-9.93308 - 0.150944i
5.90775 + 4.96571i
2.73892 - 14.2834i
3.43358 - 5.84929i
6.327 + 3.5247i
0.791321 + 0.0392139i
-7.50493 + 10.6631i
3.51072 + 2.65475i
-3.37159 - 1.5641i
-7.35407 - 0.961519i
-1.98165 - 1.17893i
-5.74182 + 5.20356i
-0.405194 + 8.343i
1.13188 + 6.68377i
2.41544 - 2.96797i
11.2044 - 3.86887i
0.989227 + 3.20824i
7.69261 - 1.38859i
6.33973 + 0.988573i
3.25842 + 1.22793i
5.65311 + 9.55736i
0.299351 - 0.597748i
-5.26132 + 5.81269i
4.07351 + 2.06498i
0.128533 + 1.36386i
11.1764 + 7.27434i
-1.19481 - 6.99971i
3.54899 + 3.06863i
-2.02492 - 0.485696i
-8.33637 - 1.3524i
-10.5999 + 0.934953i
0.0729412 - 6.76483i
7.90698 + 5.83522i
2.02648 - 9.96737i
2.70094 - 5.71636i
1.43666 - 0.402873i
-5.64229 + 4.77576i
9.4915 + 0.657314i
7.98495 - 0.601103i
-0.86991 - 1.88055i
1.00548 + 7.07513i
-3.15463 - 3.01651i
3.08167 - 2.93414i
-0.866444 - 1.73678i
-7.29814 - 0.425167i
-4.40356 - 0.427943i
5.34992 - 10.5735i
1.72429 - 10.893i
-4.12103 + 2.59189i
-2.93668 + 3.84569i
-5.15793 + 8.94339i
1.72787 - 10.5031i
-8.05919 + 1.39036i
-1.53373 + 5.60774i
-13.0922 + 5.8307i
0.00656152 + 0.546869i
-6.59415 + 3.19052i
2.22777 - 0.554343i
7.38348 - 3.89588i
5.70661 + 7.48996i
8.88874 - 2.32046i
0.130455 + 1.20665i
8.73523 - 5.53084i
-6.47769 + 4.50902i
1.01347 + 6.98099i
-2.39562 - 9.21146i
1.80601 + 5.13151i
3.87444 + 3.23921i
4.73137 + 12.0416i
7.26298 - 9.87506i
8.07998 - 2.25587i
3.66727 + 0.576906i
1.94361 + 1.95621i
-4.72487 + 7.45739i
-2.10349 - 2.954i
0.368346 + 8.65755i
-0.994496 + 7.14147i
3.29146 - 8.7987i
4.8293 - 1.00061i
-1.44727 - 2.77663i
2.93444 - 2.15582i
-2.84253 - 4.52656i
1.27074 + 6.23579i
-0.107867 + 6.03895i
-8.6428 - 2.56061i
11.6984 - 2.88761i
-2.28098 + 0.991878i
-5.50482 + 3.18061i
6.84655 + 12.4376i
-1.81419 - 3.38446i
0.153922 + 4.74116i
1.82942 - 6.4449i
0.563993 + 0.742242i
3.07351 - 7.77934i
-6.03782 - 4.07082i
-12.0513 - 1.33921i
-1.70072 + 1.9504i
1.0597 + 1.60088i
0.0208647 + 2.9842i
-9.44765 + 7.94254i
-2.13635 + 0.0193448i
-5.75539 - 3.63694i
-0.134401 + 4.80213i
0.32123 - 2.33754i
4.75947 + 0.684574i
5.79845 - 7.55076i
-4.43655 - 1.49081i
-6.2627 + 0.922625i
1.40418 + 1.23878i
-4.98621 + 4.58635i
2.18429 + 8.9144i
2.65649 + 12.0255i
-0.24049 - 1.31322i
2.46367 - 7.52462i
7.16361 - 9.36247i
1.77864 - 6.14614i
0.664306 - 3.05169i
-0.298967 - 1.91029i
-0.785995 + 1.3439i
2.68555 - 4.65797i
-4.72627 - 0.727706i
3.79572 + 8.2274i
-6.29112 - 0.0608966i
-4.12097 + 11.4334i
6.87353 + 7.4071i
5.71927 - 7.3953i
3.83449 - 12.4272i
-5.72286 + 3.0309i
-0.389091 - 15.0173i
3.32614 - 1.53384i
6.48482 + 6.98196i
-14.2925 + 5.6713i
5.17838 - 9.8063i
0.101355 - 6.81881i
0.521875 + 7.58258i
9.10028 - 3.15047i
3.58702 - 1.45821i
7.13019 + 3.098i
5.04365 - 6.96891i
-1.55495 - 7.70137i
1.95884 - 3.90717i
-7.37455 + 0.0384901i
2.89242 - 5.48547i
0.485792 - 0.916871i
17.0208 + 0.770688i
-4.49059 - 0.024907i
-3.44376 - 8.91462i
3.41814 - 4.52996i
-0.181084 - 2.45339i
-2.8685 - 2.133i
-7.80511 + 2.64714i
13.0208 - 5.71377i
-5.91468 + 11.3044i
8.03992 + 4.31641i
-3.55511 + 0.873002i
-5.55761 + 7.25641i
-6.82534 - 0.9366i
2.19901 + 5.61517i
9.00056 + 6.01024i
-11.0434 + 5.90395i
-0.0716468 - 1.6294i
4.93831 + 7.28733i
5.82076 - 7.35262i
1.59202 + 5.75834i
1.24221 - 1.84456i
1.5878 + 0.603478i
-3.37749 + 0.850555i
1.10907 + 3.57305i
-3.84339 + 18.1542i
-0.0134652 + 2.22676i
2.80692 + 1.25818i
1.41821 + 3.85707i
1.81816 - 1.46714i
-10.9385 - 11.6038i
7.07927 + 0.361181i
6.8199 + 3.11778i
5.98653 + 1.44362i
-0.866601 - 5.85351i
0.293628 + 0.204629i
-2.00973 + 3.68911i
-10.6168 + 5.58621i
13.9567 - 10.5494i
8.39194 - 1.29117i
5.59114 - 5.38877i
-5.14474 + 2.33417i
6.94321 + 4.36683i
2.49402 - 0.170375i
6.10264 + 2.73867i
-3.48435 + 6.78318i
-4.46363 - 4.41705i
-2.34697 + 2.35843i
0.687797 - 1.59519i
0.911188 + 3.02058i
-5.52337 + 3.51666i
8.17207 + 2.61939i
-3.1585 + 1.68763i
2.12514 - 11.5103i
-5.69597 - 2.89191i
8.7065 + 1.48635i
-1.57578 + 3.69611i
5.2107 - 6.5472i
3.50654 - 1.34913i
2.64764 - 0.674207i
2.04746 + 5.57348i
-6.79398 - 4.38487i
-7.34096 - 4.40121i
7.83758 - 1.78147i
1.5939 - 4.42711i
0.112731 - 0.812417i
6.79889 + 2.61273i
0.69739 - 5.44395i
0.286057 - 6.82632i
-5.34131 - 0.624566i
8.0536 - 7.47309i
6.98202 + 3.28418i
-2.63037 + 5.34566i
3.54624 + 3.04935i
-1.22622 + 8.0035i
-1.1949 - 10.6554i
-0.959426 + 3.53753i
1.67254 + 7.9869i
6.02817 - 4.35866i
-13.7765 + 2.00885i
-3.32329 + 9.50165i
2.09339 + 1.88746i
-9.24942 - 2.35455i
-0.891786 - 2.71742i
6.45596 + 6.69359i
-3.15159 + 3.92944i
5.67163 - 7.59773i
3.1724 - 4.60231i
1.98595 + 6.17411i
-3.05798 - 9.73403i
-0.187776 + 4.50259i
-3.58135 + 4.62928i
6.67728 - 8.52702i
1.46745 - 2.39419i
-5.62537 + 2.67611i
8.35963 - 1.60382i
3.26581 + 3.36216i
-4.47234 - 13.898i
-8.9367 + 11.0224i
-0.332536 - 1.07214i
-7.44121 + 8.22436i
3.95565 + 1.30217i
1.40168 + 1.9795i
4.66613 + 2.15191i
-1.78372 + 2.3373i
-2.27008 + 7.00444i
3.71198 + 0.369479i
-0.647482 - 7.40813i
3.58457 - 2.97934i
-0.334989 + 9.92743i
-9.81978 + 5.75197i
-4.64512 - 1.89103i
1.39599 - 7.9533i
4.78276 + 0.0834665i
1.67643 - 4.20148i
1.91803 + 4.47127i
2.16306 - 0.628906i
6.29015 + 1.30803i
-5.42386 + 0.20642i
-15.545 - 2.82474i
-3.43515 + 9.12606i
11.0218 - 5.87804i
2.53015 + 2.9733i
3.16906 - 3.03319i
-2.9481 - 1.72321i
1.27341 + 0.156896i
-4.03949 - 2.3102i
15.4405 - 2.96372i
-4.25532 + 4.71269i
0.96244 - 2.38946i
-7.38712 - 13.0286i
-6.54671 + 2.34103i
4.49881 - 6.90755i
3.62924 - 3.98786i
3.44204 + 5.17421i
-3.81797 - 6.54283i
-5.9558 - 2.42429i
13.7669 - 2.14986i
5.17919 - 6.72185i
-3.82254 - 3.35418i
-2.15341 + 1.01002i
4.28224 + 5.86497i
-5.20703 - 3.15943i
-0.0771925 - 7.67336i
8.15262 - 3.69951i
2.0579 - 7.99486i
-1.95714 - 1.39716i
0.12307 + 1.15148i
-6.59542 + 12.7922i
8.74628 - 1.67296i
-9.98034 - 4.67246i
11.9895 + 1.65842i
-12.3348 + 10.8209i
0.912933 - 9.26219i
-3.63238 - 1.84968i
1.34618 + 3.18978i
2.84698 + 1.31365i
0.862438 + 3.81638i
-4.67867 + 0.623206i
-5.74803 + 0.122306i
1.20604 - 4.55391i
0.369225 + 5.31807i
2.40449 + 4.65199i
-0.44713 - 4.41627i
0.57226 - 2.59365i
-0.00342834 - 2.49083i
5.91113 - 5.47412i
-0.180344 + 4.77193i
4.26627 + 3.36038i
7.37789 + 5.80041i
-4.25853 - 5.4897i
-1.95109 + 5.60603i
-4.18746 + 1.8205i
3.24875 + 0.932596i
-3.91931 - 1.27106i
-2.7157 + 4.00806i
-0.828002 - 4.95909i
-5.12434 + 3.89251i
-5.74838 - 0.379567i
-0.117024 - 1.74116i
-4.05649 + 5.86541i
-4.42596 + 5.32469i
-4.12998 + 0.146219i
6.70666 + 6.76617i
-2.8898 - 0.307472i
5.71835 + 5.87101i
-1.49492 + 5.77608i
2.52529 - 3.04639i
-4.243 - 0.455716i
-4.33591 - 0.585796i
-2.57738 - 10.0087i
-4.01771 - 3.74287i
11.7401 - 10.8001i
-1.19 - 7.77276i
-2.79926 - 1.73148i
-3.49474 + 1.08191i
5.32512 + 6.97066i
9.01148 - 4.91104i
2.80608 + 1.37536i
3.71977 - 6.23276i
2.63252 + 12.0727i
-7.81619 - 0.794019i
0.9871 + 10.1877i
3.5453 - 3.21197i
0.594905 - 8.15618i
2.75375 - 4.50545i
4.01696 - 3.8543i
0.279244 + 6.30783i
8.04229 - 7.47328i
-0.551806 - 4.4065i
