//czasowy przebieg sygnalu
7.90811
8.01461
8.03458
7.96282
7.98778
8.02577
8.00606
7.98041
7.90018
8.04079
8.08309
8.0506
7.92595
8.06951
8.0258
7.96418
8.06716
7.93365
8.00104
8.01049
7.95296
8.02561
8.01528
8.05883
8.0444
7.94598
8.06507
8.04972
8.04626
7.97054
7.97451
8.0377
7.95775
7.98124
8.07964
8.06998
7.97161
7.91811
8.07295
8.03363
7.98243
8.05763
7.97702
7.9933
7.96018
7.91771
7.96084
8.09787
8.07831
7.94231
7.99086
8.017
7.93604
8.00832
8.00184
8.07092
7.96765
7.967
7.94984
7.97289
7.96206
8.04489
7.96864
7.95686
8.02877
8.06269
8.09741
8.04075
8.07011
8.02696
8.0771
7.91369
8.01994
7.99667
7.98788
7.98647
8.06203
8.07992
8.08015
8.01597
7.944
7.97888
7.9249
7.99751
8.04237
7.96738
7.9739
7.94729
7.95791
7.95962
7.9841
7.99248
8.07205
8.04826
8.00374
7.96774
8.08115
8.01243
8.02098
8.09787
8.00801
8.07311
7.98207
7.91151
7.9923
8.06295
8.06683
7.92286
8.03191
7.91803
7.99795
8.09891
8.01851
7.91734
7.95587
7.90023
8.09179
8.06483
8.08475
7.97763
7.91362
7.9092
7.97189
8.08702
7.94525
7.97257
7.97614
8.00512
7.98256
7.96967
8.05794
8.0625
8.09508
8.06966
8.03383
7.95386
7.93366
7.98037
7.98119
8.09032
8.00935
8.02307
8.0635
8.03478
8.02441
8.09338
7.99177
7.90846
8.02351
7.9358
8.05412
8.00965
7.90103
8.07855
7.99809
7.97687
8.04658
8.00637
7.9207
8.09042
7.93695
8.00302
7.99121
8.05083
7.92513
8.06106
8.03615
7.97024
8.03243
8.02728
8.07491
8.0542
7.95535
7.94968
7.96791
8.02613
8.07849
7.94754
8.08593
8.05596
7.93804
7.97373
7.91391
8.05426
8.00656
8.0337
7.93742
7.93882
7.94817
7.94877
8.02418
8.06757
8.01661
7.95353
7.92528
8.09277
7.96426
7.98718
7.98088
7.95498
7.95534
7.99997
7.9853
7.96476
7.94575
7.9522
8.07989
7.93936
7.94366
8.08553
7.94473
8.06292
7.97494
8.02001
8.08574
8.03469
8.02156
8.01098
7.97834
8.05377
7.93762
8.03489
8.06705
7.92068
8.01921
8.09778
7.99816
8.05567
8.02489
7.96627
8.04933
8.07466
8.0256
7.92813
7.978
8.01611
8.06669
7.95347
7.97382
7.92461
7.95339
7.94999
8.06023
7.93918
7.98603
8.0264
8.01905
7.96918
8.06251
8.04082
7.94087
8.06492
8.00371
7.96792
7.9542
8.0363
7.99307
8.00467
7.97181
8.00561
8.00251
7.9442
8.02111
7.9038
7.92946
8.06854
7.93685
8.02111
8.01704
7.99459
7.97726
8.01344
7.97388
8.07978
7.99307
7.93156
7.98256
8.05981
8.03077
7.94402
8.09968
7.98517
7.98983
7.99495
8.05319
8.01839
7.91282
7.95035
7.91267
8.09616
8.05379
7.90921
7.99239
8.01761
8.09097
8.0144
8.05579
8.02546
7.91039
8.05583
8.05851
8.06896
8.07707
7.96025
7.91739
8.06758
7.97859
7.91431
8.07089
8.06689
8.02892
8.09088
7.99196
8.02657
8.08897
7.98593
7.93622
8.0737
7.94469
7.94762
7.93337
7.94921
8.02143
8.06036
7.94712
8.06746
8.08969
8.05202
7.9906
8.02662
8.06156
8.03402
7.99998
8.06699
7.9451
7.99158
7.91099
8.0835
7.91462
7.92589
7.92666
7.96654
7.93518
8.03052
7.93897
8.02057
7.99955
8.06387
8.05825
7.97133
7.94534
7.95234
7.98687
8.04421
8.05715
8.00405
7.95386
8.01675
7.94973
7.92717
8.01553
7.9401
7.91524
7.97169
8.0234
7.99853
7.96501
8.03981
8.00138
8.02317
7.97162
7.98673
8.03688
7.9532
8.09108
8.08778
8.03966
8.02093
8.07709
8.00771
8.04461
8.04312
7.98903
8.07948
8.0812
8.04553
7.99377
7.93055
8.06105
7.9023
8.0085
7.93992
7.99972
8.0453
8.097
8.08005
8.07584
8.06249
8.08158
7.91952
7.93979
7.95402
8.03331
8.07223
8.03638
8.0407
8.03455
8.03397
8.0532
8.00628
7.92734
8.09416
8.00499
7.98864
8.01745
8.01186
7.95257
8.02235
8.04567
7.94948
8.07419
7.91323
8.01159
7.9103
7.98441
8.07132
8.06977
8.0022
8.06431
7.98644
7.94808
8.08989
7.97294
8.07834
8.03234
8.00058
8.01589
8.04943
7.98422
7.91966
7.92821
7.98334
8.00237
7.95905
7.94599
8.00003
7.95521
8.07749
8.05042
8.0923
7.94943
7.94198
8.09077
7.94902
8.08699
8.0656
8.04559
7.99638
8.01609
8.08748
7.96052
7.92234
7.95392
8.03649
7.99399
8.04483
8.04875
8.03421
7.92424
8.06173
7.95155
7.98891
7.99747
7.97252
7.92366
8.06795
7.96472
8.02617
8.03821
7.96798
7.96083
7.99693
8.05987
8.03583
7.93866
7.9798
8.04458
7.96072
8.06886
7.96819
7.9581
8.03204
8.09917
7.97842
7.97954
7.9277
7.95936
8.04721
7.95068
8.01407
8.01727
7.98431
7.94028
8.02284
7.90555
8.03822
7.90492
8.09757
8.06443
7.93804
7.91108
7.92261
7.99682
7.91748
8.03046
7.96426
7.97736
7.94555
7.96728
8.0628
8.05736
7.9396
8.04593
7.90386
7.95451
8.01127
8.0919
8.00455
7.96833
7.9252
8.07948
7.91627
7.9574
8.07827
8.02224
7.90684
7.98785
8.09619
8.08417
7.98229
8.06505
7.96982
8.08921
8.02611
8.09157
7.95313
8.01837
8.06907
7.97009
7.98773
8.05446
7.94986
8.04109
7.94616
7.92702
7.98382
7.99705
7.9786
8.05686
8.00741
8.08062
7.943
7.9355
7.93222
8.02552
8.04437
8.00346
7.94269
7.99311
8.08444
8.0351
7.95821
7.98632
7.92879
7.90626
8.05011
8.04778
8.06257
8.00917
7.99644
8.05538
8.09321
8.05908
8.0572
7.91983
7.98382
8.00093
7.91701
7.97274
8.06103
7.9576
7.98123
8.09883
8.06327
8.00677
7.94855
8.08249
7.9331
7.97436
8.07909
7.9994
8.09631
8.08617
7.94107
7.98427
7.91636
7.95294
7.90994
8.01727
7.9694
8.02263
7.90469
8.08897
7.98719
8.03565
7.96416
7.92736
8.08116
7.96477
8.01924
8.04418
8.03989
8.04929
8.08856
8.01826
8.01286
7.94012
7.98774
8.0615
7.94972
7.94798
7.92993
7.97304
8.02933
8.06392
8.04964
7.92722
8.06469
8.02214
8.06464
8.08436
8.00776
8.0837
7.99808
7.95922
8.03344
7.95619
7.97427
7.94568
8.03499
8.02889
7.91912
8.08027
7.99318
8.06516
8.04188
8.07171
8.01158
8.03374
7.96978
7.94913
7.97395
7.90531
8.00965
8.0163
8.01651
8.07453
7.99398
8.00127
7.93749
7.91527
7.92762
8.09136
8.06839
7.98438
8.01071
7.93851
8.00428
8.06531
8.01242
7.98339
8.06134
8.06242
7.96677
7.96244
7.99184
8.02035
8.07457
8.04996
8.09244
8.06053
8.03893
8.02877
7.96608
7.95762
7.96776
7.9976
8.04473
8.07824
8.00127
8.06345
8.01813
8.00689
7.99175
8.00009
7.98309
7.98835
8.01918
8.08693
8.06115
8.04408
8.08722
8.02844
7.93606
8.09216
8.01341
7.9662
7.92564
8.01911
7.93467
8.0133
8.01569
8.02388
7.96527
8.00425
7.95631
8.08755
7.97216
7.9263
7.94932
8.02545
8.05286
7.98131
8.08302
8.09007
8.01253
8.03066
8.09036
8.06343
7.96812
8.06126
8.07411
7.93837
8.06756
7.94723
8.07403
8.05882
7.99516
7.99302
7.90087
8.0011
8.05903
7.99818
7.93747
8.07448
7.97827
7.9723
7.97321
7.99914
7.91488
8.05494
8.07165
7.95071
8.05
8.04942
8.04899
8.03095
7.91912
7.90193
7.92279
7.97931
8.03872
7.95994
8.03311
7.914
8.07872
8.03183
8.05632
8.05604
7.96206
7.94793
8.09051
7.96833
7.90119
8.0479
7.92502
7.97827
8.02798
8.06586
8.09324
8.01855
7.95724
7.93094
7.95584
7.90058
7.91695
7.94033
7.95084
8.04405
7.98091
7.90845
8.01654
8.05153
7.98152
7.94548
7.90344
7.90662
7.96851
7.93785
8.07562
8.04826
8.06878
7.95881
7.92479
7.90593
8.00804
8.04125
7.90968
7.9896
8.06588
8.03186
8.09967
7.97879
8.07472
8.00763
7.91708
7.96861
7.92963
7.90076
7.94641
7.95403
7.96782
7.92033
7.92827
8.05727
7.94105
8.02296
7.97584
7.99469
8.07928
8.02677
7.98667
7.97433
8.01167
7.96308
7.97605
7.91077
8.09276
7.94044
8.04927
7.96051
7.92003
8.0468
7.92876
8.09108
8.05445
7.93631
8.00963
7.99941
8.02248
8.08148
8.02137
8.05942
8.03354
7.95666
7.99228
8.0663
8.00081
8.02872
7.9229
8.02643
7.9333
7.92066
7.9152
8.04239
8.05121
8.08908
7.92732
7.9596
7.99316
7.98048
7.93366
8.05517
8.02182
8.01302
7.97256
8.02342
8.03004
7.96594
7.99268
8.08756
8.01997
7.90541
7.9285
7.99379
8.0655
7.96714
7.93421
7.93236
8.06695
8.03345
7.91062
7.98597
8.09739
7.98674
7.94386
7.94804
7.93828
8.01738
8.0056
7.9265
8.02498
8.02197
8.0041
8.0119
8.03878
7.95238
7.95976
7.94901
7.91171
8.03588
7.97536
7.90042
7.98572
8.06141
7.97047
8.007
8.04789
7.97523
8.00738
8.04734
7.98135
8.02333
7.99242
7.97049
8.02986
8.09888
7.99149
8.06747
8.02943
7.92325
8.06819
8.02499
8.02129
8.03277
7.90409
8.00697
7.99132
8.02053
8.01103
8.06769
7.99845
7.93274
8.08057
7.92727
7.99827
8.0369
8.0233
8.01867
8.00174
7.97642
7.94628
7.95069
7.96517
7.99821
8.02485
7.94536
8.07131
7.95683
8.03345
7.94082
7.97948
7.99951
7.93505
7.97428
8.04253
8.03411
7.92569
8.00522
8.01206
7.93164
7.98896
7.95881
8.02641
7.9491
8.0374
7.99129
8.04981
8.04997
7.98466
7.98384
7.92323
7.94294
7.96165
8.09557
8.04174
7.9042
8.02682
7.9847
8.04488
7.94004
7.97601
7.97974
8.02623
8.01883
7.92157
8.08156
8.0021
7.96288
7.9267
8.03986
7.98383
8.05991
8.02138
7.95712
7.93214
8.03087
7.98362
7.96537
8.04289
8.02945
8.02435
7.98146
8.03697
7.99173
7.99142
7.94332
8.00951
8.06339
7.93119
8.08521
7.98102
7.97079
7.97459
7.91184
7.97483
8.07446
8.08116
7.93932
7.92506
7.92651
8.09979
7.91938
7.96284
8.06668
8.09521
8.08521
8.09792
7.97001
8.08798
7.9357
7.91209
7.99426
8.07814
7.99677
8.08371
8.05476
8.02272
7.97152
7.93977
8.0094
7.99859
7.96743
8.01114
7.97354
8.01884
7.96024
7.95406
8.05523
8.04125
8.08478
8.06497
8.0746
8.00494
7.92082
7.96289
8.03559
7.94315
8.03696
8.07201
8.03063
8.02252
8.00519
7.9506
7.97855
8.06591
8.0206
8.07697
8.03299
8.03481
7.93654
8.02461
7.95414
7.9122
8.03036
8.04411
8.05645
7.99521
7.96973
7.97067
8.04078
7.94869
7.94574
7.95132
8.05108
7.98219
7.95119
7.9961
7.94192
7.93417
7.97417
8.05366
8.00942
7.94756
8.00453
8.01338
8.08568
8.04939
7.95864
8.00823
7.97401
7.99877
7.99059
8.07127
7.97502
8.0849
8.01406
8.07257
8.05441
7.93834
7.97911
7.99173
8.00937
8.02487
7.95909
7.93529
8.04547
8.02767
7.98311
8.05483
8.02054
7.92068
7.98485
8.00964
8.05712
7.927
7.99178
8.00516
8.02573
7.98931
8.09573
8.05526
8.09702
8.0376
8.01924
7.96323
8.02217
8.03661
8.00822
8.05012
7.92927
7.93094
8.06646
7.95797
8.07857
8.02221
7.96482
7.95244
7.96095
7.94198
7.98778
8.01672
8.07509
7.98345
8.07335
7.9449
8.02002
8.07739
7.95854
7.90244
8.01001
7.93868
8.03288
8.08745
7.99848
8.08683
7.92716
8.03087
8.06756
7.95193
8.05026
8.00567
7.92172
8.00096
8.01649
7.99727
8.00927
7.97153
7.96465
7.99624
8.0466
7.97452
8.06687
8.01897
7.99349
8.01279
7.92499
8.06102
7.99921
8.00094
7.93467
7.95239
8.03875
7.90722
8.03097
8.03807
7.97541
7.95692
8.04054
8.07302
8.04286
7.97783
8.01724
7.99868
7.94787
8.06084
8.09233
8.01719
7.95356
8.08675
7.9932
7.91918
7.99759
7.99948
7.93983
8.03196
8.06753
8.05213
8.06234
8.04246
8.07374
7.92715
8.06796
7.92729
8.07642
8.0451
7.99311
7.91065
7.94802
7.98958
8.0191
7.9482
7.93976
7.93286
7.96107
8.04402
8.03054
7.9649
7.98026
7.99385
7.98822
8.09634
7.94978
8.06748
7.95993
7.96511
7.95456
8.03646
7.9553
8.07704
7.96944
7.95137
8.04728
7.98299
7.95306
7.92018
7.9733
7.98809
7.90865
7.99878
8.07285
8.03604
7.95677
8.04198
8.09832
7.97195
7.99849
8.09238
8.08941
7.92873
8.0318
8.02121
7.97497
7.92945
7.94686
8.0488
7.99162
8.03422
8.0107
8.06264
7.99554
8.01975
7.96252
8.04774
7.92949
7.91868
7.92539
7.9942
7.96166
8.00391
7.96042
7.94656
7.96151
8.0535
7.9624
8.07271
7.983
8.08207
7.93508
8.05509
7.91963
7.96208
8.0358
7.9682
7.93354
8.05029
8.06095
7.95556
7.9006
7.99308
7.90682
8.06033
8.06351
7.93403
8.02458
7.94369
7.92497
8.01636
7.98336
8.02984
7.94447
8.05288
7.92828
7.97016
8.05517
7.94628
8.01044
7.92652
7.96135
8.01437
8.06094
7.94825
7.99589
8.0821
7.99705
8.03702
7.93565
8.03001
7.96184
7.92949
8.06929
7.9379
8.01177
8.09219
8.0798
7.90695
8.06787
8.03015
8.04316
7.91729
7.92642
8.01372
7.95284
7.93596
8.07274
8.04266
7.94659
7.97424
8.09762
8.00999
8.03442
8.01292
8.05478
8.06188
7.96033
8.02895
8.01536
8.086
7.94414
7.94053
8.03331
8.06851
7.99329
8.0337
8.05278
8.0532
7.9475
7.99731
8.0738
8.04641
7.9151
8.08576
8.02747
8.09565
8.05113
8.01173
7.93911
8.01292
7.9711
7.95876
8.04235
7.99917
7.99002
7.9123
8.08071
7.96056
7.99791
8.01119
7.92284
7.92995
7.94714
8.0511
7.95829
7.98841
7.90853
7.90484
8.00946
8.06274
8.0691
8.04496
7.92378
7.91377
7.97972
8.01542
8.00208
7.93727
8.09547
8.09126
7.93694
8.01117
7.96235
7.98542
8.05178
8.05186
7.9128
7.98061
7.94066
7.93232
8.0454
7.9676
8.01998
8.04443
8.02742
8.05834
7.99789
8.02322
8.03354
7.93265
8.04838
8.01293
7.92746
7.95598
8.06425
7.96092
7.91157
7.90623
7.96414
7.94385
8.09459
7.93669
8.02889
7.98104
8.05979
7.95347
8.01117
7.93564
7.98873
8.03926
8.03428
8.07062
7.98866
8.06793
7.96555
8.03533
8.06589
7.97075
8.09116
7.99829
7.99801
8.09861
7.97113
8.06289
8.09725
8.06072
8.04945
8.05661
7.91053
7.94371
7.98155
7.95239
7.91241
7.94837
8.03128
7.93635
8.09101
8.06999
8.04557
8.08338
8.00778
7.94358
7.90406
8.0594
7.98797
8.06641
7.92132
8.07274
7.97677
8.07731
8.04827
8.04086
7.92201
8.02419
8.0751
8.07396
8.02142
8.07766
8.09544
7.96166
8.05184
7.99813
8.07165
8.01788
7.98614
8.00466
7.95801
7.97659
7.92292
7.95013
7.97878
8.06371
8.06944
8.03191
8.00069
8.04378
7.9123
7.98911
8.00061
7.93143
8.03778
7.94837
7.95404
7.99277
8.07655
7.90398
7.9229
7.99646
7.99738
8.0068
7.95071
7.92249
8.05185
8.08501
7.92246
7.93714
8.00097
8.08441
8.08597
7.92175
8.03755
8.02448
7.90205
8.01309
8.05387
7.92752
7.9679
7.98415
7.97356
7.91054
8.09952
8.05291
7.97157
7.96033
8.05287
7.95551
8.05818
7.92329
8.09691
8.07198
8.0079
8.08985
7.98672
7.94806
8.00097
8.00568
7.97248
8.07642
7.97264
8.0915
7.98849
7.95018
7.93278
7.95026
7.9455
7.98913
8.09629
8.00111
8.07605
7.94782
7.97812
8.02173
8.01546
8.06576
7.97455
8.05833
7.95457
7.91927
8.08461
7.91887
7.99949
8.09017
8.03572
8.09839
8.00917
7.9895
8.0112
8.09912
8.01632
8.00054
7.99362
8.07704
8.04643
8.02106
8.01231
8.08644
7.94176
8.04359
7.94815
8.08059
7.96508
8.04347
8.04622
8.04915
7.92367
8.07954
7.9985
7.93641
7.93567
7.93975
7.94493
7.91878
7.95534
8.03722
8.06837
7.95062
8.07559
8.0906
7.98058
7.97366
8.05706
7.94081
7.9191
8.04189
8.04491
7.95392
8.07892
8.04255
7.9227
7.94383
8.0449
8.06162
8.07239
7.95202
7.9013
8.05184
7.99959
8.02744
8.08839
8.02577
7.97327
7.90474
8.00548
8.04324
7.93502
8.07393
7.92009
7.95505
7.95099
8.0859
8.02663
7.93357
7.98494
7.97895
8.07143
7.99467
8.05423
8.0346
7.93012
8.00429
8.02798
8.05785
7.98903
7.92118
7.96818
8.09974
8.06587
8.09338
8.02586
8.09081
8.03855
7.94016
8.09485
8.09131
7.94653
7.98767
8.04365
8.07605
7.93272
8.01092
8.00534
7.96617
8.01604
7.90266
8.08456
8.04356
7.93665
7.92198
7.96932
7.99577
7.90428
8.00134
8.00256
7.91314
7.95827
8.02599
8.03394
8.00593
8.08308
7.90583
7.98838
8.03741
8.01455
7.97799
7.92626
7.92154
8.01429
7.97793
8.00035
7.92155
8.04752
8.01056
8.08867
7.91907
7.93281
7.99657
7.97445
8.05056
8.04289
7.95687
8.02516
7.91915
8.03766
8.00146
8.00599
7.98657
7.94397
7.95855
7.94886
7.94457
7.95631
8.07453
7.93548
8.01326
8.07229
7.9876
8.03183
8.06253
8.09224
8.01648
7.98741
7.99532
7.9627
8.05544
8.03295
8.07246
8.07487
8.03142
7.90538
8.0379
8.09309
8.05513
8.00746
8.02002
8.09752
8.00284
8.04062
7.91247
8.06876
8.05115
7.95619
7.90425
8.07443
8.03043
8.01049
7.94331
8.08155
7.90245
8.03047
7.95127
8.0036
7.98347
7.94669
8.06959
7.97456
8.05857
7.93959
8.05604
7.95413
8.05425
8.09535
8.01772
7.90955
8.04056
8.09174
8.08564
7.92795
7.91504
8.00213
8.03636
7.93081
8.08994
8.0518
7.94118
8.01698
7.99242
8.04114
7.9648
7.93885
8.04897
8.05465
8.07251
8.05037
8.00016
7.9901
7.93779
7.94556
7.99257
7.90995
7.921
7.953
8.0881
7.98706
8.08882
7.94149
7.94264
8.04872
7.97301
7.9508
8.06767
7.91052
8.01493
8.00417
8.04234
8.04953
8.0665
8.05217
7.9806
7.95861
8.02991
7.99108
7.99663
8.01717
7.97867
8.00016
8.02607
8.00351
8.05879
8.00366
7.9155
7.97257
7.96211
8.04627
7.94278
7.95859
8.05621
8.08837
7.96737
7.94084
7.9657
7.94688
7.94226
8.07375
8.03945
8.05767
8.01814
8.0071
7.99338
8.03932
8.0229
7.99861
8.00865
8.04777
8.05461
7.92991
7.95525
7.93353
8.01252
7.91854
7.98196
7.98962
8.05814
7.99273
7.97348
8.02205
8.09586
7.97753
8.02063
7.95029
7.92578
7.97603
7.94004
7.96022
7.96147
8.01769
7.96326
7.9946
7.96128
7.95495
8.04886
8.08977
8.05455
8.0133
8.00715
8.0615
8.01477
7.96762
8.08018
8.04491
8.09893
7.95265
7.95778
7.99821
8.0478
8.03517
8.07666
7.9232
7.91305
8.03697
8.03774
8.02754
8.02232
7.96008
8.0562
8.02846
8.03096
7.91761
7.97995
8.01151
7.98581
7.98137
7.93672
8.04853
7.99982
8.00569
7.99577
7.96235
7.98778
8.02158
7.97832
8.03118
8.08506
8.06033
8.05196
8.02923
8.04185
8.05171
7.92227
8.06752
7.94035
7.96383
8.04281
8.04418
7.97822
8.07062
8.04014
8.05277
8.00925
8.03252
7.91705
8.04231
7.97779
7.99171
7.96536
8.08411
8.07759
7.90221
8.02143
8.04036
8.00394
8.02626
7.96293
7.95195
8.05593
7.9882
7.94924
8.06629
7.91815
8.08565
8.04991
7.94874
7.9638
7.91829
7.97275
8.02065
8.01402
7.98457
7.99533
8.01985
8.0537
8.03821
7.99704
7.99843
7.98578
7.9765
8.02555
8.02748
8.00161
7.92849
8.02081
7.97655
8.06569
8.08772
8.00448
8.00351
7.91555
7.98461
7.99227
8.07347
8.05465
7.92904
8.00217
8.04936
7.93903
8.02053
8.03535
7.91612
7.97368
7.96313
8.01043
7.98507
7.94102
8.07872
8.06467
8.05525
7.94061
8.01986
8.02462
8.0738
8.01139
7.996
8.01252
8.08577
8.04774
7.92587
8.06633
7.908
7.98609
8.07657
7.93581
8.06361
7.94824
8.04351
8.04456
7.92537
8.04531
8.09515
8.05211
8.0741
8.03763
7.94323
7.95749
7.966
7.90779
7.99427
7.97203
8.06784
7.99323
8.05403
8.07096
8.00979
8.04443
7.95169
8.07184
7.93217
7.99727
8.02443
7.99192
7.94607
8.01605
8.05521
7.93454
7.94562
8.08852
8.06517
8.02127
7.95936
7.96407
8.09523
7.94479
7.95755
7.94763
8.03897
7.95088
7.99915
8.09024
8.02306
8.00383
8.0214
8.07029
8.06341
8.04793
8.00801
7.96633
7.94101
8.04589
7.92253
7.99739
7.99233
7.90853
7.99186
8.03612
7.96314
7.94948
7.97096
8.01528
7.9998
7.90538
7.96758
8.07835
8.0966
7.99227
8.02542
8.06061
7.98116
8.05179
7.96588
7.97684
7.97928
8.00758
8.04307
7.9475
8.02526
7.99982
8.02293
7.95925
7.98765
8.04183
7.95953
8.06678
8.06005
7.97833
7.94683
8.04143
8.06497
8.08708
8.09579
8.0514
8.0645
8.00659
7.99402
8.08447
8.00239
7.92413
7.97466
8.00684
8.0896
7.99744
8.055
7.9764
7.95354
7.99647
7.96757
8.04059
7.95346
7.95981
7.94231
7.91506
7.95105
8.05006
8.07196
8.0614
7.95347
7.95825
7.97013
7.98247
8.07236
8.04586
7.96819
8.09769
8.04975
8.00053
8.02378
7.92512
8.0523
8.06691
8.04044
8.02688
7.92107
8.06402
8.06623
7.9545
8.05583
8.05351
8.06226
8.08544
8.09832
7.97943
7.93408
8.06671
7.93969
7.93167
8.01854
8.07867
7.91083
8.00897
7.9121
7.92508
8.01047
7.95478
7.96127
8.0269
8.01606
7.99742
8.05211
8.07875
7.97113
7.92105
7.9253
7.92761
8.07824
8.02065
8.04955
7.94017
8.09928
7.9956
8.08408
8.01267
7.9616
7.98368
8.04823
7.9974
8.02479
7.93998
7.91225
7.92742
7.98478
7.92637
8.04516
8.00103
8.08456
7.92562
8.03054
8.09456
7.96906
7.96029
8.01747
8.02616
7.90117
7.95147
7.93799
8.03257
8.05023
8.05753
7.99691
8.02801
7.95261
8.00397
7.95685
7.98255
7.97143
7.97264
7.9586
7.98447
8.04958
8.03091
8.02608
7.9503
7.97287
7.95979
7.9646
8.02239
7.92134
8.0763
8.01538
7.99265
8.09993
8.02937
7.98905
7.96056
7.9541
7.92417
8.06949
8.07159
8.06847
8.00523
7.91102
8.09705
8.02598
7.97106
8.01265
8.02026
7.98532
7.95889
7.95905
8.017
8.01242
8.04076
8.01936
7.97446
7.96628
8.09866
7.93013
7.91692
7.99074
8.02063
8.01984
8.02476
8.09323
8.03042
8.03972
7.99278
8.05956
8.00743
7.9593
8.06952
7.95886
7.98154
7.92067
8.01325
7.98555
8.09651
7.94382
7.9388
8.05374
7.93232
7.9317
7.99234
8.03677
8.08418
7.96516
7.91578
7.92515
8.00772
7.93161
7.96388
7.98665
7.93834
7.90128
7.99352
7.95417
7.94991
8.03887
7.90049
7.92874
7.99593
8.07353
8.04392
7.95784
8.05041
8.02721
7.99754
8.05213
8.0594
7.9196
7.98311
8.0604
8.04608
8.07106
7.98023
7.94147
7.98047
7.97084
8.03723
7.97317
7.94143
7.9334
7.96687
7.95351
7.96346
7.94538
8.06145
7.97061
8.0795
7.99642
8.0684
7.96054
7.96909
7.92498
8.00913
7.9613
8.00822
7.9707
7.95642
7.97579
8.03689
7.9942
8.01307
8.08842
7.93254
7.94398
7.91062
8.06626
8.0995
8.07338
7.90213
7.95337
7.94254
7.97325
7.97651
7.95546
8.03234
8.03683
8.0385
8.03412
7.91135
8.08448
7.94808
8.04567
8.06609
8.06571
7.92106
7.93091
7.94144
8.02463
7.94914
7.92046
8.00528
8.08656
7.98891
8.00685
7.9385
7.97557
8.0197
8.08037
8.01017
7.97916
8.0994
8.00296
7.98012
8.0431
7.97606
7.99179
7.92133
8.01554
8.05785
8.04247
7.97466
7.9442
7.99625
8.06994
7.96806
7.95547
7.99955
8.0605
8.06406
7.99039
8.05962
8.03573
7.94314
7.98756
7.91974
8.00539
8.00193
8.01395
7.99812
8.06691
8.02994
7.9762
7.98703
8.07411
8.09842
7.90251
7.9769
8.00467
7.96577
7.91385
8.05726
8.00154
8.09069
7.97777
8.07815
8.04225
8.09656
7.99876
8.09482
8.05575
7.96963
8.03683
7.92421
7.91901
8.01636
7.92009
7.94795
8.03184
8.05771
7.96139
8.07043
7.93279
8.03243
8.09345
7.9778
7.99887
7.97729
8.00326
7.92634
7.91877
8.03111
7.99824
8.07201
8.05168
7.97355
7.99072
7.92129
8.03638
8.03922
7.93738
8.04207
7.96529
7.90827
8.02048
7.97059
7.95768
7.93698
8.0338
7.90516
7.99769
8.02441
8.01165
8.00335
8.01983
7.9954
8.09711
8.02982
7.99451
8.02129
8.01394
8.00646
7.92587
8.01639
8.08056
7.9102
8.00667
8.00625
7.99053
8.04534
8.02032
8.08964
7.91777
8.08588
8.05663
8.05448
7.94414
8.04517
8.00712
8.07437
8.0207
7.91357
7.99231
8.04329
7.94187
7.96113
7.96625
8.06979
8.04597
8.00547
7.93172
7.92038
7.93793
7.99524
8.0691
8.07258
8.07685
8.01294
7.99538
8.03824
8.08395
7.97463
7.92456
7.95133
8.06262
7.97377
8.01278
7.99597
7.94593
7.93087
7.936
8.04517
7.93899
8.04742
8.01497
8.03198
7.93551
8.0705
8.04176
8.02918
7.98822
7.98512
8.07676
7.97627
7.92539
8.02425
7.94527
7.99693
8.04623
8.01601
7.99014
8.09907
7.95199
8.03096
8.09292
8.01039
8.08297
8.07439
8.07484
8.09647
7.90658
7.93602
8.08731
7.90545
7.93092
7.98872
8.05216
7.96703
7.98257
8.05682
7.99583
7.99055
7.99429
8.09686
8.00239
8.09304
7.90346
8.0954
8.00737
8.0181
7.95295
7.97553
8.08778
7.94613
7.92932
8.03254
8.07875
8.07503
7.9107
7.95138
8.04407
8.03762
8.03399
7.9831
7.92635
7.92616
7.98296
7.98433
8.06164
8.07736
7.95179
7.94663
7.99414
7.94189
7.98288
8.03437
7.97225
7.98534
7.97671
7.97728
8.03906
8.00949
8.06575
8.03484
7.91177
8.05873
7.93964
8.03673
8.06101
7.99224
8.04129
7.93863
8.03909
8.03224
7.94652
7.92782
7.90892
7.9923
7.97381
8.041
8.04042
8.06021
7.96596
8.04999
8.06372
7.90126
7.90419
8.02874
7.97267
7.98103
7.9934
7.99288
8.02315
8.03088
7.94256
7.97813
7.92747
7.9612
8.02239
7.94191
8.00975
7.96342
8.06868
8.06849
7.96997
8.01442
8.07089
7.98411
8.01223
7.99345
7.90982
8.04147
8.08537
7.94335
8.03625
7.99675
7.98505
7.99794
7.92269
8.06185
7.98859
7.92381
7.9578
7.93023
7.91715
8.07944
8.07358
7.96922
7.9833
8.04486
8.06842
7.96536
8.09105
8.06467
8.08201
7.93416
7.9911
8.05502
8.00778
8.03514
8.06078
7.92309
7.92243
7.90197
7.98487
7.95668
7.93968
7.99557
8.07823
7.94139
7.99565
7.90149
7.94067
7.93937
8.02971
8.04744
8.0617
8.08001
8.04913
7.92838
7.90866
8.0778
7.91711
8.07264
8.04432
7.98395
7.9461
8.03988
8.08167
7.98932
8.08718
8.05401
8.02559
8.0502
7.99405
7.98836
7.98745
7.95355
7.95797
8.04324
7.95175
7.94754
7.91427
7.92174
7.99291
8.06934
8.0487
8.05469
7.96674
8.05109
8.00842
8.01982
7.96466
7.97139
7.99661
7.93508
8.08344
7.90097
8.06643
8.0001
8.036
8.08877
8.071
8.0198
7.91538
7.92525
7.91256
7.95166
7.90022
8.0527
7.94995
7.98991
7.97391
7.93416
8.05261
8.07506
7.95027
7.95474
7.91602
7.90723
7.91681
7.93021
7.94767
8.08985
7.98895
8.08729
8.01136
8.02143
7.99247
7.9982
7.98498
7.98326
7.91092
7.99091
8.03372
8.01592
7.98131
8.06412
7.99193
7.91674
8.07158
7.93033
8.06427
8.02732
8.0742
8.09012
7.90323
7.99547
8.03594
8.08348
7.97163
7.96888
7.93777
7.94952
7.91205
7.9623
7.99585
8.06299
7.95246
7.94742
8.02493
7.92587
8.08049
8.04616
8.04099
8.00726
7.9463
7.96536
8.00459
8.01173
8.09708
8.06711
8.00433
8.01623
8.01604
8.06001
7.95693
8.04692
8.01339
8.02698
8.07818
8.0917
7.97761
8.08745
7.98025
7.95712
8.08244
7.99646
7.99707
8.05795
8.09972
8.00921
8.08297
8.03584
8.01071
8.04395
7.90581
8.07153
7.98985
8.04329
8.0131
7.96612
7.94167
7.96122
8.05056
7.96729
7.94985
7.92713
8.05422
8.05944
8.09533
7.94726
7.98283
7.96016
8.04014
8.016
8.01117
8.02096
8.04998
7.9969
7.93873
8.0249
8.09799
7.96705
7.99165
8.02474
8.03518
8.06031
7.92517
7.93733
7.91393
7.97258
8.01026
7.95148
7.95116
8.06465
8.06187
7.94347
8.04141
7.90253
8.06589
7.91282
8.04568
8.06314
7.93964
7.95196
8.06737
8.06596
8.01222
7.9863
7.98434
7.96996
7.92201
7.96861
7.96745
8.06214
7.98181
8.03332
7.92855
7.97402
7.90249
8.04026
7.92548
8.07578
8.0118
7.95924
7.92498
8.06013
7.97624
8.06964
8.02791
8.09919
7.90395
7.93281
8.05691
8.08727
7.97409
8.05749
7.99172
8.04578
7.90406
7.92805
8.03884
8.07713
8.03378
8.02987
7.97539
7.93682
8.08741
7.94966
8.03745
8.04741
7.97081
8.01444
7.94724
7.95838
8.03534
8.03937
7.94661
7.98825
7.95245
8.06053
7.91018
8.09924
7.97115
8.04556
8.04341
8.04675
8.04608
8.08722
8.05793
7.97195
7.90901
8.00236
8.01913
7.94361
7.93291
7.97463
7.97685
7.96183
8.07321
8.04238
8.00404
8.00202
8.04483
8.08942
8.01157
7.95997
8.02856
7.93258
7.92342
8.02095
8.0003
8.02834
8.07275
7.94375
8.07677
7.9735
7.97282
8.04091
8.02447
7.91013
7.98647
7.97315
8.00739
7.98062
8.06686
8.09859
7.99011
7.93451
7.93065
8.07771
7.97788
7.95109
8.03393
7.9461
7.97913
8.00821
8.07131
8.00957
7.98895
7.9549
7.91655
8.06882
7.99573
7.95499
8.06807
8.08696
7.91693
7.98711
7.94819
8.03682
8.02647
7.93361
7.95253
7.93771
8.00425
8.09001
8.08073
8.07822
8.0646
7.93604
7.94359
7.93634
8.03038
8.09597
8.04571
8.03487
7.93193
8.05757
7.95353
7.92831
8.01657
8.04603
8.02981
7.91638
8.05238
8.06514
8.04375
8.01465
7.93655
8.0412
8.07288
8.00647
8.03621
8.05608
7.96739
8.01105
8.02086
8.08402
8.07577
8.00274
7.91668
7.94409
8.05144
8.00337
7.94962
8.00437
8.03665
8.01116
8.04807
7.95548
8.02168
8.04354
8.04369
7.98208
8.02583
7.97162
8.04552
8.04696
7.94619
8.08356
8.066
8.07024
8.04673
8.03094
8.05434
8.05608
8.02209
7.91703
8.03479
7.9186
8.05398
7.97765
7.97858
7.9698
7.92554
7.99464
8.00174
8.06119
8.06124
7.92466
7.93538
7.95671
8.0227
7.97841
8.00897
8.04057
8.04062
8.0638
8.02807
8.0114
8.08671
8.0868
8.08578
7.98295
8.09859
7.932
8.05559
8.02593
8.04992
7.96922
7.91046
8.02347
7.99482
8.05897
7.97573
7.96278
8.03796
8.09916
7.91651
8.02748
8.09936
8.07482
7.91256
7.99081
8.03168
8.06233
8.09737
7.96132
7.90874
8.01864
7.92539
8.08047
8.02885
7.93903
8.05054
7.96847
8.02831
8.00269
8.02231
8.06491
8.06353
7.93745
8.04225
8.03691
7.99154
7.94093
7.95858
7.91935
7.9646
8.09224
8.09698
8.07737
8.04929
7.98065
7.95729
7.9793
8.09542
7.93967
8.04784
8.04125
7.91833
7.95139
8.05993
7.96851
7.94482
8.06846
7.96191
8.0769
8.03249
8.04035
8.01018
7.99085
7.9548
8.0936
8.05103
7.97576
7.98662
7.99291
7.95908
7.99393
8.02079
7.99549
8.01235
8.07841
8.04077
7.97528
7.91121
8.03774
7.97543
8.02912
8.02021
8.09565
7.92257
8.07308
7.95498
7.96786
7.97135
7.98733
7.95488
8.02621
8.06517
7.96102
8.06338
7.96532
7.97152
8.01624
7.93535
8.0393
7.90007
7.98446
7.97536
7.91281
8.07432
7.90338
8.02581
8.06784
7.95707
8.03113
8.03199
7.99356
7.98414
7.94411
8.02753
7.98224
8.02013
8.01359
8.06049
7.94032
8.0007
7.9712
8.02178
8.04494
7.99651
7.95244
7.98988
7.95959
8.07558
7.97707
7.93433
8.0057
8.04218
7.90015
7.91126
8.02001
8.06469
7.9847
8.09614
8.00662
7.95695
7.9905
8.04807
8.0615
7.94476
8.0286
7.96832
7.93385
8.012
8.09444
7.97959
7.90712
8.00178
8.07351
7.96398
8.00181
7.98781
8.05754
8.05276
7.93047
7.95835
7.99781
8.07967
8.0068
7.90496
7.90042
7.96188
8.03563
8.09616
7.94182
7.99928
8.08459
8.04875
7.98429
7.98262
7.95079
8.07015
7.94716
8.05775
7.99914
8.09818
7.93034
8.00381
7.92001
8.02716
8.03358
7.9206
7.911
7.93157
8.00331
7.99133
7.92004
7.9704
7.93339
8.09259
7.91762
8.01946
8.03396
7.98669
8.02886
7.93989
7.96137
8.00294
7.97411
8.0053
7.90005
8.07295
7.98018
7.98224
8.04763
8.065
8.01528
7.99621
8.04392
7.96773
7.95028
7.99019
8.09306
8.02107
8.03879
8.06745
8.0491
8.03691
8.08676
8.01971
8.06044
7.94757
8.00589
8.039
8.01309
7.91555
8.02781
8.00809
8.09453
8.02471
7.95464
7.9711
8.05582
8.04446
8.03717
8.00745
8.01671
7.91493
8.0923
8.00398
8.02406
7.9594
7.93281
8.08079
7.96673
7.97982
8.04672
7.91587
7.99122
7.9633
7.96768
8.00193
7.93608
7.91672
7.92802
7.92055
8.01152
7.97645
7.92215
8.08228
8.04661
7.91044
8.04233
7.9941
8.05128
7.97063
7.99298
7.90104
7.96374
8.03373
8.08066
7.97434
8.03057
8.00062
8.07233
8.09585
7.94995
7.95741
7.99928
7.94145
8.02442
8.01677
8.01731
8.01166
7.97766
8.05031
8.09466
8.01791
7.91794
7.93875
8.00089
7.9498
7.91214
8.09811
7.98205
7.96891
8.00395
8.04076
7.93594
7.90869
8.04529
7.90209
7.92293
8.02186
8.06568
7.93003
8.09079
8.0418
7.9481
7.9283
7.98332
8.03174
8.08437
7.98153
8.06532
8.02409
8.00596
8.03779
8.09933
7.95168
7.93115
7.97341
8.00856
7.90437
7.93597
8.04528
8.08146
8.05149
7.99103
8.01758
7.91821
7.92074
8.04688
8.0944
7.90667
7.98744
7.98704
7.98824
7.98795
7.99048
7.96954
7.96976
7.96732
8.05564
7.99482
7.98628
7.94478
8.0158
7.99609
8.07182
8.03742
8.06457
7.93333
7.96747
8.0444
8.05015
8.08049
7.9142
8.08681
7.96393
8.04719
8.0916
7.9682
8.01271
8.09524
8.02535
7.97058
8.08031
7.97275
8.02272
7.95222
7.96215
8.08367
8.071
8.04642
8.02134
8.05204
7.99536
7.95827
7.95383
7.97089
8.07348
7.97104
8.01959
8.00822
8.07028
8.08135
8.06374
7.9354
8.04105
7.91036
8.01982
7.97475
8.02882
8.04703
7.94378
7.97552
7.95945
7.91741
8.06236
8.01075
8.09179
7.90273
8.0414
7.91973
7.90922
8.02539
7.91453
7.98912
8.00773
8.06838
7.94375
8.07559
8.03976
7.92595
7.9615
7.92945
8.08925
7.96452
8.07571
8.03938
8.05496
7.92116
8.08888
8.03554
8.01048
7.94908
7.90462
7.97935
7.92849
8.07701
7.93096
7.94623
7.93152
7.90805
7.99087
8.02086
7.97023
7.96833
7.97515
7.95635
7.91621
7.91956
8.08845
7.90719
7.91476
8.03669
7.93235
7.98672
7.95632
7.9816
8.0421
8.04441
7.98683
7.97512
8.05192
8.07909
8.03184
7.9984
7.90388
7.90399
8.01038
8.07088
8.02232
8.03137
8.03436
8.03128
7.95707
8.03377
8.06185
8.06164
7.93623
8.08214
7.97572
7.93934
7.90869
8.01696
7.9678
7.97035
8.01552
8.0611
8.00512
8.00562
7.9146
7.93901
8.01672
7.91485
7.98634
7.98631
8.0279
8.05165
8.06011
7.98678
8.05209
7.90183
7.91628
7.96551
8.05482
7.95512
7.96311
8.03384
7.99737
7.93251
7.98874
8.05072
8.02017
8.00403
8.01173
8.02233
7.99121
8.06944
8.01934
7.95462
8.01161
8.09226
8.09742
8.03212
8.02653
7.97341
8.01032
7.9611
7.9867
8.02594
7.90014
7.9708
8.07452
7.96558
8.06715
7.96831
8.05843
7.96014
8.00709
8.04367
8.09591
7.92985
8.03603
8.05169
7.91056
8.04785
7.92408
8.08939
7.9243
8.03554
8.09044
7.94709
8.00202
8.07895
7.91514
8.03517
7.9436
7.959
7.937
7.97901
8.07249
8.01038
7.99881
8.02886
8.01463
7.91064
7.95004
7.965
8.02721
7.93958
8.01689
8.05983
7.95243
7.99848
8.05075
7.90242
8.03855
8.09742
7.94707
8.02784
7.99628
7.94065
8.01764
8.01297
7.90074
7.97705
7.97066
8.09066
8.02176
7.91546
8.03095
7.98885
8.00981
7.98757
8.02249
7.97624
7.99862
7.90375
8.04862
7.98633
8.03444
7.97685
8.03446
7.90603
7.92056
7.91999
8.05613
8.08731
8.07337
7.95086
7.98365
7.98594
8.04052
8.0523
8.02678
7.92758
8.01677
8.00884
7.96732
7.97255
7.98143
8.04047
7.99222
8.03649
7.93736
7.91739
8.09043
7.99827
7.90655
8.06211
7.98215
7.9867
7.94856
8.0443
7.93313
8.08812
7.95147
7.96889
8.01562
7.92807
8.02543
8.04189
7.9391
8.01961
8.04459
7.95762
8.01261
7.99909
7.98922
7.93642
8.0486
8.00758
7.90222
7.94934
8.08051
7.96578
7.90771
7.94465
8.0526
7.99461
7.957
8.06641
8.04921
7.906
8.08948
8.0748
8.03874
7.94052
7.94609
8.01726
8.06538
8.06827
7.90426
8.05285
7.93143
8.06663
7.93501
7.98571
7.96615
7.97097
7.95007
8.03276
7.90513
8.02871
8.06399
8.08341
8.04794
8.07602
7.95227
8.00421
7.993
7.99062
8.06139
8.03135
8.08601
8.01682
7.94772
8.08787
8.05497
8.07851
7.95178
7.96559
8.06901
8.00346
7.9214
8.02605
7.99534
7.99704
7.96685
7.94753
8.07526
8.09543
8.07901
8.04158
8.03866
7.93945
7.94143
7.9536
7.97995
7.91939
7.96716
8.08045
8.01026
7.99001
8.05412
7.91638
7.96821
7.92773
8.05065
7.93052
7.96867
7.9576
7.95293
8.05866
7.96588
7.94211
7.95796
8.0964
8.0749
8.03463
8.06046
7.97309
7.99494
7.93897
7.95209
8.04226
7.90707
7.91215
8.02117
7.92326
8.05442
8.01275
7.9767
8.05384
7.98752
7.97315
8.04095
8.00932
8.09177
8.0715
7.94047
7.90276
7.97302
7.92512
8.04366
8.02658
8.0013
7.95736
7.90175
8.01345
8.04257
7.94254
7.95368
8.07909
7.92322
8.06224
7.91157
7.95381
7.97607
8.0788
8.02719
8.01342
8.08343
8.0339
8.08689
8.09223
7.92372
7.97793
8.05306
7.96482
7.98027
8.02782
7.98772
7.98843
8.09548
8.04097
8.05254
7.95623
7.97184
7.95801
7.918
8.09988
8.03271
8.02564
7.97473
7.91169
8.06728
7.91527
7.98815
8.00235
8.02354
7.99421
7.94912
7.92146
7.93068
7.96252
7.99265
8.07429
//widmo amplitudowe sygnalu
 16388.3
 2.31598
 1.41582
 1.35942
 2.83503
 3.18821
 2.48892
 2.25997
 2.62938
 1.25225
 0.443514
 1.39058
 1.65452
 4.38313
 1.48687
 3.21993
 0.344969
 1.82523
 1.99294
 3.60335
 2.04804
 1.51038
 4.22319
 0.686243
 0.275649
 4.49536
 2.94557
 3.42229
 0.796505
 2.99754
 0.466367
 0.611248
 1.50875
 1.54359
 1.61371
 1.74207
 0.714552
 0.0422298
 2.32228
 1.36302
 1.64283
 4.44235
 2.2632
 0.992392
 2.51204
 1.98513
 3.3956
 1.35027
 1.34653
 3.32161
 2.30859
 4.06553
 4.03538
 3.64989
 1.60657
 4.64889
 2.88116
 1.11592
 1.74846
 0.803659
 2.79753
 2.87089
 1.14152
 0.225543
 1.86778
 1.73264
 1.26713
 1.7797
 1.52544
 1.44165
 0.663504
 1.7308
 0.462427
 1.57952
 4.31805
 0.924118
 2.82636
 2.5935
 0.417529
 1.89471
 4.62053
 2.41769
 0.783182
 1.93599
 1.6435
 3.38083
 3.18899
 0.375951
 2.37823
 1.7692
 1.67663
 2.32774
 1.34508
 1.73196
 1.48937
 1.43782
 3.17182
 1.1388
 0.66578
 2.78594
 2.67592
 4.60234
 1.46667
 1.50857
 0.342871
 3.36119
 3.86584
 2.02767
 3.66626
 0.953885
 2.64623
 4.123
 3.03265
 2.11032
 1.46293
 2.75516
 2.79847
 1.25432
 0.0725826
 2.34427
 3.09546
 1.6774
 3.87408
 0.999727
 2.86615
 4.40442
 2.21366
 1.92089
 1.89672
 0.836132
 1.34513
 2.1925
 1.7226
 2.69959
 0.581432
 1.51609
 1.64962
 2.86415
 0.533347
 2.10175
 0.624434
 2.31454
 1.29865
 3.07459
 0.948095
 3.48724
 2.91457
 0.826976
 1.20918
 1.80028
 3.15591
 2.4844
 1.99558
 0.78528
 1.87254
 2.73898
 3.06423
 1.92332
 1.79323
 2.59344
 3.21879
 3.2982
 3.69344
 3.33833
 2.89658
 2.00528
 4.11479
 1.1032
 4.10826
 1.65024
 1.3425
 0.532979
 1.42815
 3.63369
 0.83189
 3.23706
 1.80078
 4.40032
 1.52513
 3.34706
 2.38439
 1.30438
 2.97575
 2.73205
 3.56464
 5.89462
 1.69362
 4.86805
 2.37642
 1.89284
 2.60436
 4.0399
 1.91658
 2.58975
 2.82594
 1.51867
 1.6855
 4.70424
 1.88726
 2.61792
 3.03864
 4.19243
 2.33623
 2.1286
 2.54385
 1.69521
 2.28714
 2.97265
 3.53928
 1.03161
 1.24335
 2.65308
 0.638434
 1.57941
 0.926755
 1.58786
 1.23952
 1.05023
 2.9359
 1.26544
 0.719887
 4.52533
 1.83257
 1.07747
 0.871563
 1.89629
 2.16641
 2.90105
 4.07057
 2.05376
 1.29438
 1.34198
 2.26777
 0.860101
 2.84704
 2.4207
 5.36839
 2.82744
 1.66802
 0.976061
 2.62509
 2.73332
 3.50489
 1.74884
 0.569762
 3.41631
 1.4175
 3.67383
 2.02759
 2.17175
 0.710093
 2.03548
 3.04258
 3.96284
 1.40888
 1.86584
 2.82364
 3.53014
 4.00329
 1.0762
 0.598403
 1.58555
 1.00924
 1.61036
 2.61016
 1.09262
 1.51819
 0.625644
 1.90903
 1.9252
 3.06303
 1.781
 2.73832
 2.21371
 1.71145
 1.86007
 0.679084
 2.08085
 3.14888
 2.44508
 2.45924
 2.60632
 5.87197
 0.596518
 3.40935
 1.88127
 0.729856
 0.932325
 2.88596
 1.33121
 0.952745
 2.0255
 2.02109
 0.756771
 1.06631
 3.25314
 2.43165
 1.29105
 0.343009
 0.393129
 3.00983
 1.94088
 0.423965
 2.29246
 0.519396
 4.54524
 0.887267
 2.27271
 1.01595
 1.23327
 2.99376
 4.20769
 2.03642
 2.6145
 3.98496
 0.598516
 1.37083
 5.73207
 2.42244
 1.13386
 2.5693
 2.0485
 2.17845
 0.773314
 4.02215
 3.62352
 0.838186
 1.2036
 2.69118
 2.93916
 0.986533
 1.79704
 2.26131
 3.07598
 3.82469
 0.517227
 1.58855
 3.36761
 1.00346
 2.50895
 1.85124
 3.45382
 2.56289
 1.25327
 2.35564
 1.044
 5.56096
 4.06025
 1.34547
 2.19404
 1.01631
 0.397718
 5.73586
 1.59586
 1.90607
 0.677832
 2.00443
 2.19247
 2.32773
 0.844226
 3.52979
 2.40426
 3.62379
 2.44845
 3.47779
 5.41772
 4.2428
 1.91843
 3.9756
 2.57579
 2.65275
 0.724356
 1.25153
 2.41773
 2.60449
 0.562448
 2.80943
 2.87027
 1.91595
 1.98795
 2.65677
 1.91787
 2.01407
 2.58327
 1.07946
 2.68822
 3.03844
 3.3074
 1.9921
 1.51705
 2.33181
 3.37258
 0.655647
 2.76742
 4.96792
 0.936398
 0.390723
 3.64317
 3.74252
 1.39578
 2.53734
 0.729147
 2.3001
 1.59436
 1.31373
 0.322536
 1.60272
 3.24314
 1.72331
 1.51841
 0.460306
 1.22631
 2.25966
 1.80236
 5.41206
 2.37725
 2.53201
 3.35725
 2.68666
 0.604881
 0.160558
 1.38643
 2.55923
 2.06808
 1.38216
 2.2015
 2.32091
 0.670134
 0.757713
 1.72004
 2.60631
 0.493544
 1.13083
 1.42433
 1.92347
 1.87302
 1.73676
 2.54763
 2.48658
 3.1917
 2.29353
 1.70729
 2.88959
 1.10477
 1.62371
 3.44249
 2.21477
 1.44006
 1.71516
 2.97938
 1.06181
 0.454781
 2.06581
 1.5713
 2.91847
 2.18792
 3.08037
 1.11515
 1.29397
 0.514879
 0.707565
 3.58598
 0.311401
 1.13636
 1.00216
 1.80976
 1.56097
 3.04797
 0.366337
 2.74145
 4.13751
 0.884692
 3.61991
 2.07018
 0.432202
 1.04925
 1.38678
 2.95299
 0.739072
 2.32991
 3.99966
 2.96729
 0.803248
 2.76521
 2.16511
 2.95776
 1.9171
 1.82499
 2.0431
 1.71105
 2.72522
 2.61505
 1.12245
 4.7917
 2.00557
 3.24976
 2.88307
 2.80944
 1.71304
 1.40078
 5.72302
 2.47854
 2.31432
 0.487617
 1.92236
 0.869858
 3.15509
 3.16131
 2.95003
 3.89263
 2.16734
 3.06222
 1.23768
 2.1993
 2.41359
 2.95362
 0.480973
 4.36016
 0.129022
 1.70974
 2.75171
 3.80734
 1.15108
 2.44609
 3.51087
 1.33743
 1.33836
 1.87127
 0.771081
 4.21425
 0.848596
 3.10174
 3.22276
 3.99202
 0.664042
 2.52626
 3.59173
 2.92624
 2.3344
 1.37299
 4.27992
 3.90949
 1.23266
 4.27509
 1.81375
 3.18914
 2.41088
 2.88385
 2.58312
 2.45499
 2.55116
 3.41927
 2.39343
 1.68429
 1.32009
 2.3631
 1.94846
 1.24561
 2.23167
 2.78566
 2.86686
 0.532085
 2.55395
 1.64733
 5.10627
 1.66765
 1.24815
 1.17319
 2.82004
 2.49223
 2.97031
 1.389
 1.19154
 2.23118
 4.93205
 3.42234
 0.871556
 0.671577
 0.479229
 2.19143
 0.919972
 1.19732
 2.74788
 1.7224
 4.26175
 1.2796
 2.48834
 0.614893
 0.242638
 1.06511
 3.37597
 2.63418
 2.37151
 0.950395
 1.99889
 3.06424
 2.33469
 0.980757
 3.56254
 1.06002
 2.24856
 0.679014
 3.38271
 3.13256
 2.47364
 2.60025
 2.27845
 1.59592
 3.88487
 3.58747
 2.22183
 1.19513
 0.899015
 2.66739
 1.78812
 1.5704
 2.60532
 2.21738
 0.418853
 3.7825
 2.37876
 2.38982
 3.28931
 2.61333
 2.88279
 1.37088
 1.86207
 2.24816
 1.57044
 2.59523
 2.57731
 2.2885
 2.15925
 2.50266
 1.90541
 3.80072
 4.38084
 0.711344
 1.85083
 3.90848
 1.62289
 3.37576
 1.24136
 2.53724
 2.02504
 3.30675
 1.97621
 0.402665
 4.18576
 2.22357
 0.475878
 1.99142
 2.50091
 0.209484
 2.769
 0.33361
 1.05981
 1.79522
 1.35355
 1.59022
 2.98935
 0.569325
 2.52108
 4.26504
 3.1273
 0.980496
 3.2497
 1.5304
 3.5938
 3.67744
 2.80877
 1.80424
 3.53113
 2.54579
 2.92916
 2.77448
 1.05837
 1.302
 2.61537
 0.574554
 3.33682
 1.25369
 1.27383
 1.5739
 0.921169
 2.73852
 2.84403
 0.598601
 3.54422
 2.91276
 1.99163
 3.02995
 2.48923
 1.40719
 2.85767
 3.66045
 1.63527
 2.22135
 2.59377
 3.8808
 1.87364
 1.0472
 2.69378
 3.68885
 1.07656
 3.12363
 0.976048
 1.48425
 1.098
 2.30836
 3.08608
 0.966698
 2.84757
 2.60501
 3.98503
 6.9708
 3.37332
 0.779715
 0.93475
 0.456667
 0.960309
 0.994404
 0.713674
 2.43225
 1.75706
 2.91799
 2.08704
 1.39818
 1.09877
 0.821589
 1.96743
 2.22893
 3.42318
 2.21712
 3.29306
 1.41604
 1.35863
 2.81367
 4.29963
 2.78683
 2.25399
 3.83844
 1.41587
 0.736681
 0.850731
 3.28209
 1.63914
 3.14272
 2.56969
 2.46139
 3.0557
 3.1993
 2.63745
 2.20515
 1.29317
 5.51397
 1.62653
 2.5868
 1.06627
 2.10281
 1.6802
 3.58738
 0.936003
 1.82883
 0.31977
 2.64224
 0.415444
 5.10046
 2.6504
 3.08741
 2.12394
 1.40372
 1.01565
 1.03075
 0.733282
 1.48321
 3.2609
 3.55508
 1.36943
 0.686162
 1.30242
 3.69771
 2.52057
 2.33682
 1.29889
 1.24546
 3.2725
 0.944318
 1.95403
 1.56495
 1.36817
 2.2235
 1.95089
 2.33265
 3.68665
 1.33291
 2.10075
 1.12703
 1.59719
 1.37199
 2.53074
 0.777306
 2.14339
 2.98508
 0.18151
 0.772454
 1.2769
 4.50905
 1.90457
 4.61105
 2.91045
 2.37664
 2.26965
 3.72458
 0.797463
 0.778787
 2.77731
 3.07027
 0.868548
 0.262695
 2.08247
 1.60973
 5.57685
 0.868184
 0.941006
 1.58934
 3.0925
 1.21426
 1.19129
 0.700647
 1.34424
 1.49474
 1.29404
 1.88705
 0.366844
 1.03531
 1.49422
 3.35894
 1.62356
 1.93835
 0.980759
 2.43767
 1.77846
 2.76134
 1.17846
 3.41094
 0.526566
 2.44052
 4.83495
 2.1
 2.09135
 0.821419
 3.15806
 1.77327
 0.444571
 3.53257
 2.30666
 0.691364
 1.75746
 2.16269
 1.70227
 0.744476
 1.39817
 1.53118
 2.45435
 0.411554
 1.99582
 0.390893
 1.86238
 1.45438
 3.30097
 3.5002
 0.4775
 2.21286
 0.922054
 1.60959
 2.79988
 1.90512
 4.88792
 0.637194
 2.23998
 2.8394
 4.22396
 3.33572
 1.725
 1.31794
 3.20311
 2.23598
 1.11542
 0.964615
 1.67386
 2.67138
 4.61138
 2.38613
 3.14206
 2.49294
 2.19096
 0.802906
 2.66013
 2.11934
 1.45751
 0.853623
 1.47776
 0.871289
 3.56564
 0.635277
 4.24601
 4.04113
 1.29901
 3.21165
 0.988313
 2.86449
 1.8948
 1.99691
 1.8932
 0.633705
 0.283709
 3.09177
 1.15933
 1.80848
 3.0414
 2.77502
 1.58784
 0.874414
 1.80868
 0.479186
 2.51436
 1.43156
 3.38067
 0.762946
 2.45442
 2.32557
 0.520759
 2.77301
 2.44474
 1.75295
 0.865039
 2.83947
 1.23989
 3.0501
 1.22554
 1.82239
 1.43963
 0.382273
 2.43977
 0.816693
 1.35543
 1.68748
 1.48636
 2.05437
 3.09953
 2.96844
 1.69368
 1.84165
 1.79234
 0.92083
 2.2318
 4.54876
 1.45185
 1.96095
 1.2242
 2.82461
 1.45345
 1.15098
 3.56741
 3.21709
 1.25362
 3.31846
 0.947268
 3.69983
 2.26483
 3.79012
 1.90386
 1.81867
 2.09294
 3.59256
 2.34518
 2.92762
 0.468292
 5.13326
 2.72447
 1.84975
 1.22418
 0.747541
 1.1685
 2.35165
 2.13106
 0.861862
 1.38773
 2.68368
 1.09508
 3.02024
 1.04794
 2.8877
 2.00588
 3.64871
 2.2295
 2.12734
 2.95583
 1.37311
 1.94198
 2.30986
 0.973862
 2.63267
 3.36397
 3.48972
 1.95202
 2.48876
 0.666445
 2.34355
 4.06411
 3.54786
 3.57415
 1.81806
 2.56206
 0.380013
 1.97112
 3.41588
 1.46884
 0.226627
 2.55796
 2.13232
 1.94364
 1.53645
 0.882813
 1.53645
 1.94364
 2.13232
 2.55796
 0.226627
 1.46884
 3.41588
 1.97112
 0.380013
 2.56206
 1.81806
 3.57415
 3.54786
 4.06411
 2.34355
 0.666445
 2.48876
 1.95202
 3.48972
 3.36397
 2.63267
 0.973862
 2.30986
 1.94198
 1.37311
 2.95583
 2.12734
 2.2295
 3.64871
 2.00588
 2.8877
 1.04794
 3.02024
 1.09508
 2.68368
 1.38773
 0.861862
 2.13106
 2.35165
 1.1685
 0.747541
 1.22418
 1.84975
 2.72447
 5.13326
 0.468292
 2.92762
 2.34518
 3.59256
 2.09294
 1.81867
 1.90386
 3.79012
 2.26483
 3.69983
 0.947268
 3.31846
 1.25362
 3.21709
 3.56741
 1.15098
 1.45345
 2.82461
 1.2242
 1.96095
 1.45185
 4.54876
 2.2318
 0.92083
 1.79234
 1.84165
 1.69368
 2.96844
 3.09953
 2.05437
 1.48636
 1.68748
 1.35543
 0.816693
 2.43977
 0.382273
 1.43963
 1.82239
 1.22554
 3.0501
 1.23989
 2.83947
 0.865039
 1.75295
 2.44474
 2.77301
 0.520759
 2.32557
 2.45442
 0.762946
 3.38067
 1.43156
 2.51436
 0.479186
 1.80868
 0.874414
 1.58784
 2.77502
 3.0414
 1.80848
 1.15933
 3.09177
 0.283709
 0.633705
 1.8932
 1.99691
 1.8948
 2.86449
 0.988313
 3.21165
 1.29901
 4.04113
 4.24601
 0.635277
 3.56564
 0.871289
 1.47776
 0.853623
 1.45751
 2.11934
 2.66013
 0.802906
 2.19096
 2.49294
 3.14206
 2.38613
 4.61138
 2.67138
 1.67386
 0.964615
 1.11542
 2.23598
 3.20311
 1.31794
 1.725
 3.33572
 4.22396
 2.8394
 2.23998
 0.637194
 4.88792
 1.90512
 2.79988
 1.60959
 0.922054
 2.21286
 0.4775
 3.5002
 3.30097
 1.45438
 1.86238
 0.390893
 1.99582
 0.411554
 2.45435
 1.53118
 1.39817
 0.744476
 1.70227
 2.16269
 1.75746
 0.691364
 2.30666
 3.53257
 0.444571
 1.77327
 3.15806
 0.821419
 2.09135
 2.1
 4.83495
 2.44052
 0.526566
 3.41094
 1.17846
 2.76134
 1.77846
 2.43767
 0.980759
 1.93835
 1.62356
 3.35894
 1.49422
 1.03531
 0.366844
 1.88705
 1.29404
 1.49474
 1.34424
 0.700647
 1.19129
 1.21426
 3.0925
 1.58934
 0.941006
 0.868184
 5.57685
 1.60973
 2.08247
 0.262695
 0.868548
 3.07027
 2.77731
 0.778787
 0.797463
 3.72458
 2.26965
 2.37664
 2.91045
 4.61105
 1.90457
 4.50905
 1.2769
 0.772454
 0.18151
 2.98508
 2.14339
 0.777306
 2.53074
 1.37199
 1.59719
 1.12703
 2.10075
 1.33291
 3.68665
 2.33265
 1.95089
 2.2235
 1.36817
 1.56495
 1.95403
 0.944318
 3.2725
 1.24546
 1.29889
 2.33682
 2.52057
 3.69771
 1.30242
 0.686162
 1.36943
 3.55508
 3.2609
 1.48321
 0.733282
 1.03075
 1.01565
 1.40372
 2.12394
 3.08741
 2.6504
 5.10046
 0.415444
 2.64224
 0.31977
 1.82883
 0.936003
 3.58738
 1.6802
 2.10281
 1.06627
 2.5868
 1.62653
 5.51397
 1.29317
 2.20515
 2.63745
 3.1993
 3.0557
 2.46139
 2.56969
 3.14272
 1.63914
 3.28209
 0.850731
 0.736681
 1.41587
 3.83844
 2.25399
 2.78683
 4.29963
 2.81367
 1.35863
 1.41604
 3.29306
 2.21712
 3.42318
 2.22893
 1.96743
 0.821589
 1.09877
 1.39818
 2.08704
 2.91799
 1.75706
 2.43225
 0.713674
 0.994404
 0.960309
 0.456667
 0.93475
 0.779715
 3.37332
 6.9708
 3.98503
 2.60501
 2.84757
 0.966698
 3.08608
 2.30836
 1.098
 1.48425
 0.976048
 3.12363
 1.07656
 3.68885
 2.69378
 1.0472
 1.87364
 3.8808
 2.59377
 2.22135
 1.63527
 3.66045
 2.85767
 1.40719
 2.48923
 3.02995
 1.99163
 2.91276
 3.54422
 0.598601
 2.84403
 2.73852
 0.921169
 1.5739
 1.27383
 1.25369
 3.33682
 0.574554
 2.61537
 1.302
 1.05837
 2.77448
 2.92916
 2.54579
 3.53113
 1.80424
 2.80877
 3.67744
 3.5938
 1.5304
 3.2497
 0.980496
 3.1273
 4.26504
 2.52108
 0.569325
 2.98935
 1.59022
 1.35355
 1.79522
 1.05981
 0.33361
 2.769
 0.209484
 2.50091
 1.99142
 0.475878
 2.22357
 4.18576
 0.402665
 1.97621
 3.30675
 2.02504
 2.53724
 1.24136
 3.37576
 1.62289
 3.90848
 1.85083
 0.711344
 4.38084
 3.80072
 1.90541
 2.50266
 2.15925
 2.2885
 2.57731
 2.59523
 1.57044
 2.24816
 1.86207
 1.37088
 2.88279
 2.61333
 3.28931
 2.38982
 2.37876
 3.7825
 0.418853
 2.21738
 2.60532
 1.5704
 1.78812
 2.66739
 0.899015
 1.19513
 2.22183
 3.58747
 3.88487
 1.59592
 2.27845
 2.60025
 2.47364
 3.13256
 3.38271
 0.679014
 2.24856
 1.06002
 3.56254
 0.980757
 2.33469
 3.06424
 1.99889
 0.950395
 2.37151
 2.63418
 3.37597
 1.06511
 0.242638
 0.614893
 2.48834
 1.2796
 4.26175
 1.7224
 2.74788
 1.19732
 0.919972
 2.19143
 0.479229
 0.671577
 0.871556
 3.42234
 4.93205
 2.23118
 1.19154
 1.389
 2.97031
 2.49223
 2.82004
 1.17319
 1.24815
 1.66765
 5.10627
 1.64733
 2.55395
 0.532085
 2.86686
 2.78566
 2.23167
 1.24561
 1.94846
 2.3631
 1.32009
 1.68429
 2.39343
 3.41927
 2.55116
 2.45499
 2.58312
 2.88385
 2.41088
 3.18914
 1.81375
 4.27509
 1.23266
 3.90949
 4.27992
 1.37299
 2.3344
 2.92624
 3.59173
 2.52626
 0.664042
 3.99202
 3.22276
 3.10174
 0.848596
 4.21425
 0.771081
 1.87127
 1.33836
 1.33743
 3.51087
 2.44609
 1.15108
 3.80734
 2.75171
 1.70974
 0.129022
 4.36016
 0.480973
 2.95362
 2.41359
 2.1993
 1.23768
 3.06222
 2.16734
 3.89263
 2.95003
 3.16131
 3.15509
 0.869858
 1.92236
 0.487617
 2.31432
 2.47854
 5.72302
 1.40078
 1.71304
 2.80944
 2.88307
 3.24976
 2.00557
 4.7917
 1.12245
 2.61505
 2.72522
 1.71105
 2.0431
 1.82499
 1.9171
 2.95776
 2.16511
 2.76521
 0.803248
 2.96729
 3.99966
 2.32991
 0.739072
 2.95299
 1.38678
 1.04925
 0.432202
 2.07018
 3.61991
 0.884692
 4.13751
 2.74145
 0.366337
 3.04797
 1.56097
 1.80976
 1.00216
 1.13636
 0.311401
 3.58598
 0.707565
 0.514879
 1.29397
 1.11515
 3.08037
 2.18792
 2.91847
 1.5713
 2.06581
 0.454781
 1.06181
 2.97938
 1.71516
 1.44006
 2.21477
 3.44249
 1.62371
 1.10477
 2.88959
 1.70729
 2.29353
 3.1917
 2.48658
 2.54763
 1.73676
 1.87302
 1.92347
 1.42433
 1.13083
 0.493544
 2.60631
 1.72004
 0.757713
 0.670134
 2.32091
 2.2015
 1.38216
 2.06808
 2.55923
 1.38643
 0.160558
 0.604881
 2.68666
 3.35725
 2.53201
 2.37725
 5.41206
 1.80236
 2.25966
 1.22631
 0.460306
 1.51841
 1.72331
 3.24314
 1.60272
 0.322536
 1.31373
 1.59436
 2.3001
 0.729147
 2.53734
 1.39578
 3.74252
 3.64317
 0.390723
 0.936398
 4.96792
 2.76742
 0.655647
 3.37258
 2.33181
 1.51705
 1.9921
 3.3074
 3.03844
 2.68822
 1.07946
 2.58327
 2.01407
 1.91787
 2.65677
 1.98795
 1.91595
 2.87027
 2.80943
 0.562448
 2.60449
 2.41773
 1.25153
 0.724356
 2.65275
 2.57579
 3.9756
 1.91843
 4.2428
 5.41772
 3.47779
 2.44845
 3.62379
 2.40426
 3.52979
 0.844226
 2.32773
 2.19247
 2.00443
 0.677832
 1.90607
 1.59586
 5.73586
 0.397718
 1.01631
 2.19404
 1.34547
 4.06025
 5.56096
 1.044
 2.35564
 1.25327
 2.56289
 3.45382
 1.85124
 2.50895
 1.00346
 3.36761
 1.58855
 0.517227
 3.82469
 3.07598
 2.26131
 1.79704
 0.986533
 2.93916
 2.69118
 1.2036
 0.838186
 3.62352
 4.02215
 0.773314
 2.17845
 2.0485
 2.5693
 1.13386
 2.42244
 5.73207
 1.37083
 0.598516
 3.98496
 2.6145
 2.03642
 4.20769
 2.99376
 1.23327
 1.01595
 2.27271
 0.887267
 4.54524
 0.519396
 2.29246
 0.423965
 1.94088
 3.00983
 0.393129
 0.343009
 1.29105
 2.43165
 3.25314
 1.06631
 0.756771
 2.02109
 2.0255
 0.952745
 1.33121
 2.88596
 0.932325
 0.729856
 1.88127
 3.40935
 0.596518
 5.87197
 2.60632
 2.45924
 2.44508
 3.14888
 2.08085
 0.679084
 1.86007
 1.71145
 2.21371
 2.73832
 1.781
 3.06303
 1.9252
 1.90903
 0.625644
 1.51819
 1.09262
 2.61016
 1.61036
 1.00924
 1.58555
 0.598403
 1.0762
 4.00329
 3.53014
 2.82364
 1.86584
 1.40888
 3.96284
 3.04258
 2.03548
 0.710093
 2.17175
 2.02759
 3.67383
 1.4175
 3.41631
 0.569762
 1.74884
 3.50489
 2.73332
 2.62509
 0.976061
 1.66802
 2.82744
 5.36839
 2.4207
 2.84704
 0.860101
 2.26777
 1.34198
 1.29438
 2.05376
 4.07057
 2.90105
 2.16641
 1.89629
 0.871563
 1.07747
 1.83257
 4.52533
 0.719887
 1.26544
 2.9359
 1.05023
 1.23952
 1.58786
 0.926755
 1.57941
 0.638434
 2.65308
 1.24335
 1.03161
 3.53928
 2.97265
 2.28714
 1.69521
 2.54385
 2.1286
 2.33623
 4.19243
 3.03864
 2.61792
 1.88726
 4.70424
 1.6855
 1.51867
 2.82594
 2.58975
 1.91658
 4.0399
 2.60436
 1.89284
 2.37642
 4.86805
 1.69362
 5.89462
 3.56464
 2.73205
 2.97575
 1.30438
 2.38439
 3.34706
 1.52513
 4.40032
 1.80078
 3.23706
 0.83189
 3.63369
 1.42815
 0.532979
 1.3425
 1.65024
 4.10826
 1.1032
 4.11479
 2.00528
 2.89658
 3.33833
 3.69344
 3.2982
 3.21879
 2.59344
 1.79323
 1.92332
 3.06423
 2.73898
 1.87254
 0.78528
 1.99558
 2.4844
 3.15591
 1.80028
 1.20918
 0.826976
 2.91457
 3.48724
 0.948095
 3.07459
 1.29865
 2.31454
 0.624434
 2.10175
 0.533347
 2.86415
 1.64962
 1.51609
 0.581432
 2.69959
 1.7226
 2.1925
 1.34513
 0.836132
 1.89672
 1.92089
 2.21366
 4.40442
 2.86615
 0.999727
 3.87408
 1.6774
 3.09546
 2.34427
 0.0725826
 1.25432
 2.79847
 2.75516
 1.46293
 2.11032
 3.03265
 4.123
 2.64623
 0.953885
 3.66626
 2.02767
 3.86584
 3.36119
 0.342871
 1.50857
 1.46667
 4.60234
 2.67592
 2.78594
 0.66578
 1.1388
 3.17182
 1.43782
 1.48937
 1.73196
 1.34508
 2.32774
 1.67663
 1.7692
 2.37823
 0.375951
 3.18899
 3.38083
 1.6435
 1.93599
 0.783182
 2.41769
 4.62053
 1.89471
 0.417529
 2.5935
 2.82636
 0.924118
 4.31805
 1.57952
 0.462427
 1.7308
 0.663504
 1.44165
 1.52544
 1.7797
 1.26713
 1.73264
 1.86778
 0.225543
 1.14152
 2.87089
 2.79753
 0.803659
 1.74846
 1.11592
 2.88116
 4.64889
 1.60657
 3.64989
 4.03538
 4.06553
 2.30859
 3.32161
 1.34653
 1.35027
 3.3956
 1.98513
 2.51204
 0.992392
 2.2632
 4.44235
 1.64283
 1.36302
 2.32228
 0.0422298
 0.714552
 1.74207
 1.61371
 1.54359
 1.50875
 0.611248
 0.466367
 2.99754
 0.796505
 3.42229
 2.94557
 4.49536
 0.275649
 0.686243
 4.22319
 1.51038
 2.04804
 3.60335
 1.99294
 1.82523
 0.344969
 3.21993
 1.48687
 4.38313
 1.65452
 1.39058
 0.443514
 1.25225
 2.62938
 2.25997
 2.48892
 3.18821
 2.83503
 1.35942
 1.41582
 2.31598
//widmo zespolone sygnalu
16388.3 + 0i
2.30457 + 0.229602i
-1.39038 + 0.267176i
0.0337307 - 1.359i
1.35493 + 2.49029i
-0.389828 - 3.16429i
2.04369 + 1.42058i
-0.7647 + 2.12667i
-2.24246 - 1.37297i
1.22348 - 0.26686i
-0.325985 - 0.300729i
-0.011659 - 1.39053i
-1.25995 + 1.07236i
-3.57946 - 2.52968i
0.265508 + 1.46298i
2.03041 + 2.49908i
-0.14178 - 0.314487i
-1.69735 + 0.67118i
0.0199881 + 1.99284i
1.87853 - 3.07494i
-2.01892 + 0.344147i
-1.25896 + 0.834436i
1.10737 + 4.07542i
-0.546158 + 0.4155i
0.0957149 - 0.258497i
0.400394 - 4.47749i
0.752985 - 2.8477i
1.53564 + 3.05841i
-0.377297 + 0.701475i
-0.944965 + 2.84469i
0.461536 - 0.0669494i
0.364921 + 0.490363i
-0.928921 - 1.18888i
-1.10043 + 1.08246i
-1.54864 + 0.453634i
1.74188 + 0.0253276i
-0.63774 - 0.322291i
-0.00346364 - 0.0420875i
2.02089 - 1.1441i
-0.169018 + 1.3525i
-1.58453 + 0.433757i
-1.82061 - 4.05214i
-1.83352 + 1.32676i
-0.800161 + 0.587014i
-0.926698 - 2.33487i
-1.01526 - 1.70587i
-2.03577 + 2.71767i
0.569282 + 1.2244i
1.25704 - 0.482697i
-2.84836 - 1.70878i
-0.471349 + 2.25996i
-3.5019 + 2.06525i
-3.98609 - 0.628843i
2.22305 + 2.89478i
1.37298 - 0.834266i
3.41169 - 3.15793i
-1.49155 - 2.46502i
0.64081 - 0.913587i
1.30464 - 1.16406i
0.792119 + 0.135703i
0.643632 - 2.72248i
-1.24062 + 2.58899i
1.09285 - 0.329781i
-0.205221 + 0.0935639i
-0.426897 + 1.81834i
-0.705984 + 1.58229i
0.917892 + 0.87355i
-0.509361 + 1.70526i
-0.275114 + 1.50042i
-1.39375 + 0.368536i
-0.475297 + 0.462958i
-1.17111 - 1.27443i
-0.283984 + 0.364955i
0.519504 + 1.49164i
-3.13851 - 2.96569i
0.708978 + 0.592743i
2.53462 + 1.2506i
-1.55062 + 2.0789i
-0.369147 - 0.195093i
-1.8864 - 0.177207i
0.79234 - 4.55209i
1.66462 - 1.75336i
-0.686111 + 0.37766i
1.11871 + 1.58004i
-0.307293 + 1.61452i
-2.40226 - 2.37889i
3.17872 - 0.255761i
-0.209629 - 0.312081i
0.219191 + 2.3681i
1.69126 + 0.51935i
1.59063 - 0.530093i
-2.2516 + 0.590479i
0.370362 - 1.29309i
-0.818359 + 1.52643i
-0.897987 - 1.18821i
-1.43773 + 0.0162129i
-1.53681 + 2.77465i
-0.850682 - 0.757097i
0.397755 + 0.533904i
1.13248 - 2.54538i
-1.13188 + 2.42475i
-3.86323 + 2.5014i
-0.8989 - 1.15892i
-0.796949 + 1.28088i
0.283822 - 0.192369i
2.59357 - 2.13799i
3.26987 + 2.0622i
1.76774 - 0.993237i
-3.60373 - 0.674233i
0.721736 - 0.623694i
2.45252 + 0.993829i
-3.9664 - 1.12551i
-1.47245 - 2.65119i
-0.903404 + 1.90718i
0.270578 + 1.43769i
-2.48776 - 1.18405i
-2.45025 + 1.35194i
1.15154 + 0.497279i
0.057831 - 0.0438612i
0.846685 + 2.18604i
-0.493984 + 3.05578i
-0.334108 - 1.64379i
-1.40227 - 3.61139i
-0.945816 + 0.32386i
2.37945 - 1.59782i
3.66293 + 2.44577i
2.17788 - 0.396402i
-1.288 - 1.42509i
-1.01271 + 1.60374i
0.528701 - 0.647759i
-1.22768 + 0.549707i
0.846841 + 2.02236i
1.58685 + 0.670283i
-2.06992 + 1.73299i
0.570251 - 0.113477i
1.28893 + 0.798253i
-1.45363 - 0.779879i
1.1614 - 2.61811i
-0.533132 + 0.0151608i
-1.98889 - 0.679455i
-0.278884 - 0.558696i
-1.62115 - 1.65197i
-0.786282 + 1.03357i
-2.85177 - 1.14912i
0.948022 - 0.0117553i
3.10961 - 1.57835i
-2.71894 + 1.04982i
-0.826471 + 0.0288923i
-0.364563 + 1.15291i
-1.6144 - 0.796689i
2.77685 - 1.49963i
2.08193 - 1.35566i
-1.82316 - 0.811441i
0.225965 - 0.752067i
-1.54583 - 1.0568i
2.67928 + 0.568758i
1.45547 - 2.6965i
1.80652 + 0.660016i
0.953789 - 1.51854i
2.56958 - 0.350942i
-3.20886 - 0.252754i
1.52835 + 2.92272i
2.78144 + 2.43003i
-3.10269 - 1.23196i
0.101756 + 2.8948i
-1.87831 + 0.702208i
2.54414 - 3.23402i
0.154277 + 1.09236i
-3.94752 - 1.13793i
0.245162 - 1.63193i
-0.401235 - 1.28114i
0.0291381 + 0.532182i
-0.283957 - 1.39963i
-0.693484 + 3.56691i
-0.637324 - 0.534658i
-1.68177 + 2.76589i
0.590074 + 1.70136i
2.35013 + 3.72017i
-0.213374 - 1.51013i
-3.314 - 0.469268i
-0.969603 + 2.17834i
-0.630306 - 1.14198i
2.95576 + 0.344352i
-2.72699 + 0.16624i
3.2682 + 1.42321i
3.29155 + 4.89002i
-1.46214 - 0.854705i
4.6995 - 1.26989i
1.77664 + 1.57826i
-1.44714 - 1.22009i
2.22692 - 1.35037i
1.63307 + 3.69512i
1.91656 - 0.00884867i
-2.5897 - 0.015698i
-1.32943 + 2.49371i
-1.02959 + 1.11638i
-1.67488 - 0.188953i
4.3112 - 1.8824i
0.916167 + 1.64997i
-2.59584 + 0.33932i
-2.45395 - 1.79205i
-0.843536 - 4.1067i
1.81316 + 1.47325i
-1.69342 + 1.28967i
-2.33409 + 1.01153i
-1.65655 - 0.359994i
-0.246423 + 2.27382i
2.55389 - 1.52128i
1.90568 + 2.98243i
0.702785 - 0.75519i
0.677661 - 1.04244i
-0.785015 - 2.53428i
0.637819 - 0.0280175i
1.52992 + 0.392278i
-0.906777 - 0.191391i
1.25 + 0.979183i
-0.664042 - 1.04664i
0.799352 - 0.681191i
2.76314 + 0.992252i
-1.24059 - 0.249559i
0.460613 + 0.553239i
-2.29382 + 3.9009i
1.78882 - 0.398048i
-0.686529 + 0.830435i
-0.726949 - 0.480797i
1.44124 + 1.23237i
-0.072378 + 2.1652i
-0.208715 - 2.89353i
-2.6474 - 3.09205i
-0.467257 + 1.9999i
-1.15035 + 0.593389i
1.34139 + 0.0399554i
-0.735211 + 2.14528i
-0.678376 - 0.528753i
1.41139 + 2.47257i
2.35221 - 0.571737i
-5.36825 + 0.0384604i
2.79027 - 0.456918i
-0.24374 - 1.65012i
0.914841 + 0.340237i
-2.36988 - 1.12906i
1.55494 - 2.24794i
-2.98923 - 1.82997i
1.37181 + 1.0847i
0.168012 + 0.544427i
3.3756 - 0.525852i
0.857892 - 1.12842i
1.65839 + 3.27823i
-1.86438 - 0.796996i
2.15533 + 0.266557i
0.622245 + 0.342117i
-1.64495 + 1.19888i
-1.36545 - 2.71897i
0.526334 + 3.92773i
-0.117662 - 1.40396i
1.34966 - 1.28832i
-2.81808 - 0.177128i
-1.90718 + 2.97062i
1.80973 - 3.57089i
0.19318 - 1.05872i
0.262401 - 0.537802i
-1.57133 + 0.211861i
0.644171 - 0.776926i
0.506007 - 1.5288i
1.19968 - 2.31813i
0.605314 - 0.909627i
-0.394205 + 1.46612i
-0.225065 - 0.58376i
-0.436224 + 1.85852i
-1.00777 + 1.64037i
-1.90228 + 2.40073i
0.819938 + 1.58104i
-1.48132 + 2.30306i
-1.91172 - 1.11617i
0.396933 + 1.66479i
-1.72038 - 0.707228i
-0.658235 - 0.166975i
-0.320886 - 2.05596i
1.14142 - 2.93473i
-1.07578 + 2.1957i
0.163128 + 2.45383i
-1.94441 + 1.73556i
-5.3937 - 2.32121i
-0.0277655 - 0.595871i
-2.06881 + 2.70993i
-1.14212 + 1.4949i
0.646803 + 0.338135i
-0.347211 - 0.865259i
1.39674 - 2.52545i
-1.21723 - 0.538936i
0.452091 - 0.838652i
2.00498 + 0.287644i
0.548931 - 1.94511i
0.752156 - 0.083454i
1.06566 - 0.0372425i
1.3905 - 2.94099i
-2.31825 + 0.733913i
1.07006 + 0.722344i
-0.339904 - 0.0460485i
0.151082 + 0.362939i
0.782232 + 2.9064i
1.12453 + 1.58191i
0.229486 - 0.356487i
-2.27504 + 0.282029i
-0.163348 + 0.493041i
-3.18043 + 3.24716i
-0.70547 - 0.538103i
0.301303 + 2.25265i
1.01415 - 0.060384i
1.09825 - 0.561079i
1.49849 - 2.59174i
2.17685 - 3.60083i
-0.820611 + 1.86376i
2.38383 + 1.07376i
1.63652 + 3.63342i
-0.585877 - 0.12235i
-0.973026 + 0.965609i
-0.740543 + 5.68403i
-2.37833 - 0.460205i
-0.355218 + 1.07678i
-0.861453 + 2.42057i
-1.75365 + 1.0588i
-2.1106 + 0.539446i
-0.771178 + 0.0574285i
3.62028 + 1.7525i
-3.41247 - 1.21858i
-0.105628 - 0.831504i
0.759822 + 0.933447i
-0.796925 + 2.57048i
0.318013 - 2.9219i
0.157586 - 0.973866i
1.65315 - 0.704593i
1.08911 - 1.98176i
-2.71857 + 1.43911i
3.22521 - 2.05579i
0.296662 + 0.423692i
1.50855 + 0.497786i
-2.7239 - 1.98019i
0.738093 + 0.679818i
-0.21619 + 2.49962i
1.73575 + 0.643627i
1.86958 - 2.90406i
-2.22434 - 1.27307i
0.452252 + 1.16882i
0.729896 - 2.23971i
-0.987609 - 0.338466i
5.48007 - 0.945074i
2.43062 - 3.25234i
0.662803 + 1.17089i
-1.07757 + 1.91119i
-1.00563 - 0.14696i
-0.0662229 + 0.392166i
5.10574 - 2.6137i
0.954093 - 1.27924i
0.862342 - 1.69985i
-0.477867 + 0.480728i
1.62655 + 1.17136i
-1.81733 + 1.22648i
-1.61328 - 1.67799i
-0.840065 + 0.0837169i
-3.22546 - 1.43382i
-2.09255 - 1.18393i
2.62188 + 2.50153i
2.3875 - 0.542919i
-0.139161 - 3.475i
1.73664 - 5.13184i
2.07406 - 3.7013i
1.62909 - 1.01313i
-3.97547 + 0.032195i
1.88308 - 1.75747i
2.62621 + 0.374343i
0.190881 + 0.698754i
-0.233568 + 1.22955i
-2.41504 + 0.11405i
1.99213 - 1.67773i
0.367794 + 0.425529i
-2.8085 - 0.0723727i
-2.65652 + 1.0869i
0.287502 + 1.89425i
-1.97881 - 0.190476i
-1.84667 - 1.91004i
-0.547075 - 1.83819i
1.48601 + 1.3595i
1.98829 - 1.64924i
0.854713 + 0.659323i
1.43358 + 2.27407i
-3.03644 - 0.110385i
1.25908 - 3.05837i
1.62183 + 1.15678i
0.552755 + 1.41276i
0.146336 + 2.32722i
2.13344 + 2.61204i
-0.36476 + 0.544814i
-1.04991 - 2.56052i
-4.25908 - 2.55743i
-0.811195 - 0.467765i
-0.376487 - 0.104506i
-3.54209 + 0.852228i
3.72028 + 0.40744i
0.923311 + 1.04676i
2.53523 - 0.103309i
0.706125 - 0.18178i
0.502463 + 2.24455i
0.865516 - 1.33898i
-1.18159 + 0.574233i
0.320581 - 0.0354621i
0.188937 - 1.59154i
1.16413 - 3.027i
0.305011 + 1.69611i
1.48429 + 0.320071i
0.173794 - 0.426236i
-0.0903316 - 1.22298i
2.01609 + 1.02052i
-1.73436 - 0.490395i
-4.40808 - 3.13993i
-1.28908 + 1.99739i
-0.190552 - 2.52483i
2.79898 - 1.85388i
-2.28757 + 1.40895i
-0.561853 - 0.224058i
-0.111283 - 0.115737i
0.65561 + 1.22162i
-2.54148 + 0.300852i
2.01133 + 0.48115i
0.692437 + 1.1962i
1.79475 + 1.27493i
1.90904 - 1.31992i
-0.0916066 + 0.663843i
0.163098 - 0.739952i
-1.63444 - 0.535879i
-2.57965 - 0.371825i
0.110953 + 0.480911i
0.413832 - 1.05239i
1.05917 + 0.952301i
-1.91517 - 0.178557i
-1.44275 + 1.19443i
-1.62541 + 0.611848i
2.50587 - 0.45939i
-1.36519 + 2.0783i
1.82841 + 2.61608i
-0.497786 + 2.23886i
0.942262 - 1.42372i
2.59507 + 1.27096i
0.423715 + 1.02029i
1.59764 - 0.289787i
2.56849 + 2.29207i
1.02085 - 1.96547i
1.28706 - 0.645941i
-1.45853 + 0.90248i
2.45814 - 1.68352i
-0.798257 + 0.700167i
0.257756 + 0.374684i
-1.94724 - 0.689806i
-0.730122 + 1.39137i
1.9059 + 2.21021i
-2.05674 - 0.746182i
-2.71005 - 1.46435i
-0.574801 + 0.9556i
0.57015 + 1.16159i
-0.00664258 - 0.514836i
0.219545 - 0.672642i
-3.42044 + 1.07697i
0.102898 + 0.293909i
-0.0822407 - 1.13338i
-0.153838 - 0.990286i
0.322003 + 1.78088i
0.248058 - 1.54113i
-0.512876 - 3.00451i
-0.342817 - 0.129149i
0.408922 + 2.71078i
2.06605 + 3.58475i
0.882863 - 0.0568617i
3.25209 + 1.58985i
-0.446708 + 2.0214i
0.41496 - 0.12086i
0.442391 - 0.951428i
0.0305641 - 1.38644i
-2.94448 - 0.223921i
0.354988 + 0.648237i
0.614007 + 2.24754i
3.66056 - 1.61169i
-2.11405 + 2.0822i
0.323782 - 0.7351i
2.04193 + 1.86464i
-1.24627 + 1.77046i
-1.14168 + 2.72853i
-0.817979 + 1.73384i
1.24322 - 1.33604i
2.03061 + 0.225561i
-1.69488 + 0.234722i
2.65984 - 0.593343i
-2.14235 + 1.4996i
0.147662 + 1.11269i
-4.78053 - 0.326988i
-1.97645 - 0.340523i
-2.06809 + 2.50679i
2.81618 + 0.617423i
-1.00617 + 2.62309i
1.08648 + 1.32441i
-0.856347 - 1.10854i
-4.61234 - 3.38811i
-1.94039 - 1.54209i
-2.2853 - 0.365351i
-0.479187 - 0.0902792i
1.36026 + 1.35836i
0.687238 - 0.533251i
-1.95373 + 2.4774i
-3.15969 - 0.101276i
2.82531 - 0.848681i
-3.14316 + 2.29634i
1.23781 - 1.77909i
0.9265 + 2.91869i
0.435059 - 1.15869i
-1.99517 + 0.925312i
1.33522 - 2.01063i
-0.110003 - 2.95157i
0.18556 + 0.443737i
3.25502 - 2.901i
0.129008 + 0.00189531i
-1.66129 - 0.404172i
-1.49186 + 2.3122i
-1.45386 - 3.51882i
0.64709 + 0.951973i
0.523367 - 2.38944i
-2.46204 - 2.50291i
1.30808 + 0.278657i
-1.04629 + 0.834552i
1.71766 - 0.742498i
0.645749 - 0.421395i
2.65443 - 3.27322i
0.0504218 - 0.847097i
-2.82853 - 1.27288i
-2.80881 + 1.58012i
3.94346 + 0.62079i
-0.470572 - 0.468523i
1.97831 + 1.57108i
3.50785 - 0.771693i
-2.36787 - 1.71933i
-1.26356 + 1.96286i
-0.310748 - 1.33737i
-3.19244 + 2.85062i
1.34537 + 3.67071i
-1.01652 + 0.697235i
-4.24122 - 0.537033i
-1.68242 + 0.67759i
2.88755 + 1.35375i
2.26798 - 0.817697i
-0.180331 - 2.87821i
0.217499 - 2.57395i
-2.39431 + 0.542456i
-0.491565 + 2.50336i
-3.39651 + 0.393869i
1.42371 - 1.92395i
1.68381 - 0.0403392i
-1.30303 + 0.211517i
-2.35862 - 0.145432i
-0.700713 - 1.8181i
0.654799 + 1.05961i
0.0218303 - 2.23157i
-1.67651 + 2.22468i
-1.71892 - 2.29439i
-0.365528 - 0.386657i
1.03029 + 2.33691i
0.74275 - 1.47038i
-1.26956 - 4.94593i
-0.256798 + 1.64776i
-0.948541 - 0.811268i
-1.08791 - 0.439105i
2.2312 + 1.72463i
-1.95601 - 1.54441i
-1.6608 + 2.46262i
-0.170328 + 1.37852i
1.15397 + 0.296857i
1.28792 - 1.82193i
-4.00114 - 2.88375i
-3.39938 - 0.395739i
-0.854115 - 0.173489i
0.191145 + 0.6438i
0.478839 - 0.0193278i
-2.19097 - 0.0448816i
0.889111 - 0.236286i
-0.992055 + 0.670369i
-2.60707 - 0.868355i
-1.6196 - 0.586155i
3.11444 - 2.90908i
1.09226 + 0.666597i
-2.39024 - 0.691802i
0.608263 - 0.0900561i
0.236008 + 0.0563363i
-0.752289 - 0.754008i
1.30815 - 3.11222i
-2.42884 - 1.01963i
2.01446 + 1.2514i
-0.3675 - 0.876467i
-1.61724 - 1.17477i
2.48687 + 1.79026i
-2.03866 - 1.13783i
0.114626 + 0.974036i
3.26589 - 1.42326i
-0.836081 - 0.651621i
0.391544 - 2.21421i
-0.46082 - 0.498704i
2.95191 - 1.65195i
3.11959 - 0.284796i
-1.65483 + 1.83859i
-2.05638 - 1.59142i
-2.24277 - 0.401627i
1.27483 - 0.960076i
3.24986 - 2.12853i
-2.64918 + 2.41905i
-1.29518 + 1.80528i
1.10532 - 0.454547i
-0.669918 - 0.599532i
-1.81671 + 1.95309i
-1.69884 + 0.557941i
-1.56681 + 0.106117i
-1.20473 - 2.31005i
-1.52097 + 1.61351i
-0.344568 + 0.238139i
3.6781 + 0.882552i
0.347122 + 2.3533i
-2.3678 - 0.323668i
0.910856 + 3.16068i
0.403878 + 2.58193i
-2.07892 - 1.99715i
0.279048 - 1.34218i
-0.302424 - 1.83735i
-1.79312 - 1.35608i
-1.34204 - 0.815606i
1.36504 + 2.20724i
2.48261 - 0.69223i
-1.81789 + 1.39015i
-1.37602 - 1.66401i
-0.428168 - 2.46576i
-1.52861 + 1.13752i
-2.30241 + 3.02397i
2.06978 - 3.86106i
0.641641 - 0.307095i
-0.66261 - 1.72816i
-3.80141 + 0.908545i
1.07226 - 1.21821i
-2.8801 - 1.7609i
-0.479429 + 1.14504i
2.29705 + 1.07757i
0.214615 + 2.01364i
2.43181 + 2.24073i
1.93546 + 0.399255i
-0.317095 - 0.248174i
-3.07327 + 2.84176i
2.20379 - 0.295915i
-0.325695 - 0.346962i
0.976272 + 1.7357i
0.826022 + 2.36056i
0.165968 - 0.127821i
-1.30466 + 2.44238i
0.0046227 - 0.333578i
1.04504 - 0.176296i
1.71102 - 0.543365i
-1.23758 + 0.548165i
0.234837 + 1.57278i
0.0355189 + 2.98914i
-0.0198904 + 0.568977i
-2.30091 + 1.03037i
3.52869 - 2.39562i
-0.353065 - 3.10731i
-0.275302 + 0.941053i
2.37624 + 2.21676i
1.01822 + 1.14252i
2.12168 + 2.90066i
-3.03243 - 2.08038i
-2.6795 - 0.842285i
-1.8041 - 0.0221868i
-1.46458 + 3.21308i
-2.49244 + 0.518433i
-0.403839 + 2.90119i
-2.63827 - 0.858651i
-0.338293 - 1.00285i
0.121795 + 1.29629i
1.75615 - 1.93806i
0.158314 - 0.552313i
-2.97042 + 1.52019i
1.15034 + 0.498459i
-0.332602 + 1.22964i
1.51265 + 0.434795i
0.748755 + 0.536581i
2.5058 + 1.10474i
-0.419498 + 2.81293i
-0.453594 - 0.390609i
1.37141 + 3.26814i
-0.900245 - 2.77015i
-1.87168 - 0.680765i
-3.02881 - 0.0829208i
2.25183 + 1.0609i
1.21679 + 0.706844i
1.41381 - 2.48343i
-0.822369 + 3.56688i
-1.36931 + 0.893916i
1.8886 - 1.16943i
1.69962 - 1.95932i
-2.64541 + 2.83944i
1.42295 - 1.21891i
0.12337 - 1.0399i
-1.81356 - 1.99184i
2.97928 - 2.1752i
-1.04915 + 0.241363i
3.0174 + 0.807663i
0.548279 + 0.807503i
-1.44409 - 0.34294i
0.0145278 + 1.09791i
-0.918098 + 2.11793i
2.72053 - 1.45692i
-0.847712 - 0.464639i
0.487408 + 2.80554i
-2.47218 + 0.821215i
-1.3619 + 3.74509i
-5.59064 - 4.16374i
-1.05164 - 3.2052i
-0.679264 + 0.382827i
0.63455 + 0.68637i
0.180477 + 0.419491i
-0.734737 + 0.618348i
0.356934 - 0.928136i
-0.0751773 - 0.709704i
-0.0839402 + 2.4308i
-0.458012 - 1.69631i
-2.84572 + 0.6454i
1.81158 + 1.0363i
-1.24296 + 0.640287i
-1.03156 - 0.378388i
-0.741241 - 0.35436i
-0.581737 - 1.87945i
0.150435 - 2.22384i
-3.419 + 0.169023i
0.194279 - 2.20859i
2.45769 + 2.19181i
-1.14292 + 0.836009i
1.33241 + 0.265643i
2.80048 - 0.272074i
2.10001 + 3.7519i
-0.28329 + 2.77239i
-1.22577 + 1.89155i
2.15446 - 3.17677i
1.27744 - 0.610608i
-0.389697 - 0.625168i
-0.0854936 - 0.846424i
0.0261611 - 3.28199i
1.42495 + 0.810118i
2.40549 + 2.02245i
2.10053 - 1.48022i
-0.299906 - 2.44305i
3.05358 - 0.113572i
-1.85753 - 2.60482i
-2.46542 - 0.936923i
-2.1073 + 0.649612i
-1.29047 + 0.0836164i
0.532113 - 5.48823i
-1.61971 - 0.148792i
2.5832 - 0.136384i
-0.658985 + 0.838259i
2.09901 + 0.126299i
1.55038 - 0.647605i
-3.42211 - 1.07633i
-0.890006 + 0.289812i
-0.0233166 - 1.82868i
-0.10388 - 0.302426i
0.935455 - 2.4711i
-0.238444 - 0.340203i
0.445184 + 5.08099i
-1.68388 + 2.04675i
3.08501 - 0.12181i
-1.8372 - 1.06574i
0.434581 - 1.33475i
-0.331387 + 0.960067i
0.815438 - 0.630484i
-0.0144865 - 0.733139i
0.491094 - 1.39954i
3.00433 + 1.26786i
2.11923 + 2.85438i
-0.476566 - 1.28383i
0.37155 - 0.576861i
-0.990588 + 0.845597i
3.69604 + 0.111054i
-2.3539 - 0.901359i
1.99722 - 1.2132i
1.03695 - 0.782211i
-1.24198 + 0.093009i
2.37924 - 2.24688i
-0.778135 + 0.535016i
1.58208 - 1.14686i
-1.49119 - 0.474777i
0.0616745 + 1.36678i
1.56497 + 1.5795i
0.195575 - 1.94106i
1.26673 - 1.95874i
2.39146 + 2.80577i
1.16492 - 0.64776i
-1.17908 - 1.73865i
0.241302 + 1.10089i
0.36406 + 1.55514i
-1.25268 - 0.559598i
-0.489156 - 2.48301i
-0.697644 + 0.342779i
-1.07704 - 1.85314i
2.60921 - 1.45009i
0.150912 + 0.100853i
0.195811 - 0.747224i
0.257908 + 1.25058i
1.48626 - 4.25706i
-1.07282 + 1.57367i
-4.57734 + 0.556547i
-2.90786 - 0.122882i
-1.24505 + 2.02442i
-0.0754091 - 2.2684i
3.41758 + 1.48075i
-0.189634 + 0.774588i
-0.0220666 + 0.778474i
2.21657 + 1.67341i
-2.71901 + 1.42603i
-0.827336 + 0.264369i
-0.0881612 - 0.247459i
0.6425 + 1.98087i
-1.42806 + 0.742888i
-5.54424 + 0.602202i
0.684717 + 0.533767i
0.113789 - 0.934101i
-1.47289 - 0.597165i
-0.614391 - 3.03085i
-1.07645 - 0.561857i
-1.08436 + 0.493289i
0.626466 + 0.313762i
0.5943 + 1.20574i
-0.127623 - 1.48928i
-0.954563 - 0.8737i
-1.62684 + 0.956208i
-0.352167 - 0.102727i
1.00011 - 0.267649i
-1.38535 - 0.559911i
-3.30834 - 0.580799i
-0.373017 - 1.58013i
-1.84197 + 0.603604i
-0.595981 - 0.778906i
-2.00514 - 1.38624i
-1.76621 - 0.208425i
2.63779 + 0.816743i
-0.559146 - 1.03737i
-3.11204 + 1.39634i
0.526449 + 0.0111305i
-0.560237 - 2.37535i
0.945859 - 4.74152i
1.711 - 1.21758i
-1.63086 - 1.30921i
-0.780721 - 0.255348i
0.964034 + 3.00733i
1.68547 + 0.551048i
0.36229 + 0.257662i
2.02728 - 2.89296i
-1.80809 + 1.43231i
0.374315 + 0.581268i
-1.69766 - 0.454549i
-2.05409 + 0.676725i
-0.759476 - 1.52345i
0.743378 + 0.0404046i
0.0287094 + 1.39788i
1.41595 - 0.582762i
0.816748 - 2.31447i
-0.39283 - 0.122724i
0.677405 + 1.87735i
-0.0222614 - 0.390258i
-0.439833 - 1.80969i
-0.272433 - 1.42864i
-2.23036 - 2.43349i
1.49387 + 3.1654i
-0.428617 - 0.210462i
0.0793697 + 2.21144i
-0.0775367 + 0.918788i
1.39229 - 0.807657i
-2.78465 - 0.291639i
1.25866 + 1.43012i
-3.72105 + 3.16947i
0.357291 - 0.527597i
1.49843 + 1.665i
2.82362 - 0.298898i
-0.439857 - 4.20099i
2.64741 - 2.02935i
-0.0938199 + 1.72244i
-0.157027 + 1.30855i
2.2318 + 2.2976i
0.911538 - 2.04175i
0.557026 + 0.966379i
0.964529 - 0.0129455i
0.376332 - 1.631i
-2.16734 - 1.5617i
4.08584 - 2.13794i
0.0190787 - 2.38605i
-1.90439 + 2.49916i
-2.45252 - 0.447117i
1.49785 - 1.59899i
0.269826 - 0.756209i
-0.0402367 - 2.65983i
2.05502 + 0.518168i
-1.45461 + 0.0917968i
-0.840402 + 0.149658i
-0.465062 - 1.40268i
-0.725892 + 0.481898i
3.46852 + 0.826538i
-0.587855 + 0.24084i
-0.226885 - 4.23994i
1.06547 + 3.89814i
0.797046 - 1.02575i
-3.12937 + 0.722322i
-0.751067 - 0.642387i
1.05587 - 2.66279i
-1.14832 - 1.50719i
1.509 + 1.30789i
1.81538 + 0.537229i
-0.632019 + 0.0461978i
0.239082 - 0.152743i
-0.336983 + 3.07335i
0.0706195 + 1.15718i
-1.06025 - 1.46509i
-3.04136 + 0.0162099i
1.05496 + 2.56667i
-1.46731 - 0.606829i
-0.720787 - 0.49504i
-1.47623 + 1.04502i
0.284091 + 0.38589i
0.337947 - 2.49154i
1.43148 - 0.0156608i
-0.59637 - 3.32765i
-0.431702 - 0.629062i
2.44505 + 0.214193i
2.24191 + 0.618149i
-0.230603 - 0.466918i
2.64326 + 0.838306i
-2.31625 - 0.782137i
-0.763695 - 1.57785i
0.363158 - 0.785117i
2.09492 + 1.91673i
-0.381764 - 1.17966i
-2.96574 + 0.712367i
1.20345 + 0.231648i
0.738279 + 1.66614i
1.15605 - 0.857947i
-0.281905 - 0.25819i
-2.29344 + 0.832238i
0.400253 + 0.711888i
-1.35013 + 0.119728i
-1.6579 - 0.314561i
-1.33846 + 0.646379i
-0.0234753 + 2.05424i
0.242799 - 3.09001i
-2.08916 - 2.1088i
-1.65235 + 0.371892i
1.23978 + 1.36185i
-1.15389 + 1.37151i
-0.911439 + 0.131169i
1.08553 + 1.95002i
2.81551 + 3.57269i
-1.43602 + 0.213783i
-1.58688 - 1.15201i
-0.434652 - 1.14444i
1.72353 - 2.23782i
-1.10266 + 0.946919i
-1.09855 + 0.343442i
-1.4777 - 3.24697i
2.99861 + 1.16533i
1.00748 + 0.74603i
1.8922 + 2.72612i
0.219584 - 0.921466i
-2.85261 - 2.35613i
1.04115 + 2.01133i
-2.73865 + 2.62008i
1.80664 + 0.600611i
1.64383 + 0.778061i
-1.18892 + 1.72247i
0.736792 + 3.51619i
1.76576 - 1.54335i
-0.866008 - 2.79661i
0.206833 + 0.42014i
-3.74451 - 3.51127i
-2.19051 + 1.62i
-0.181099 + 1.84086i
-0.128877 + 1.21737i
-0.69898 + 0.265038i
-0.341506 + 1.11748i
-2.23969 + 0.717i
0.2967 - 2.1103i
-0.242791 + 0.826958i
-1.15613 + 0.767561i
1.41172 - 2.28236i
0.481667 + 0.983467i
1.66627 + 2.51901i
0.792346 - 0.685828i
-1.48319 - 2.47769i
-0.624733 + 1.90611i
-2.90557 - 2.20698i
1.27496 + 1.82897i
1.57114 - 1.43426i
2.63784 + 1.3337i
-0.899738 - 1.03726i
-0.198555 - 1.9318i
-0.324912 - 2.2869i
-0.508335 + 0.830664i
2.01962 - 1.68881i
-0.763183 - 3.27626i
-2.88642 + 1.96132i
-0.118604 + 1.94841i
-0.552472 - 2.42666i
0.319143 + 0.585062i
0.609065 + 2.26303i
0.485502 + 4.03501i
-3.38437 + 1.06457i
-0.961895 - 3.44228i
-1.80219 - 0.239737i
-1.79676 + 1.82641i
0.271236 + 0.26616i
-1.15634 + 1.5963i
3.39876 - 0.341563i
-0.944895 - 1.12457i
0.214623 - 0.0727775i
1.58608 - 2.00687i
1.48069 + 1.53438i
-0.727733 + 1.80226i
-0.669846 - 1.38275i
-0.727733 + 1.80226i
1.48069 + 1.53438i
1.58608 - 2.00687i
0.214623 - 0.0727775i
-0.944895 - 1.12457i
3.39876 - 0.341563i
-1.15634 + 1.5963i
0.271236 + 0.26616i
-1.79676 + 1.82641i
-1.80219 - 0.239737i
-0.961895 - 3.44228i
-3.38437 + 1.06457i
0.485502 + 4.03501i
0.609065 + 2.26303i
0.319143 + 0.585062i
-0.552472 - 2.42666i
-0.118604 + 1.94841i
-2.88642 + 1.96132i
-0.763183 - 3.27626i
2.01962 - 1.68881i
-0.508335 + 0.830664i
-0.324912 - 2.2869i
-0.198555 - 1.9318i
-0.899738 - 1.03726i
2.63784 + 1.3337i
1.57114 - 1.43426i
1.27496 + 1.82897i
-2.90557 - 2.20698i
-0.624733 + 1.90611i
-1.48319 - 2.47769i
0.792346 - 0.685828i
1.66627 + 2.51901i
0.481667 + 0.983467i
1.41172 - 2.28236i
-1.15613 + 0.767561i
-0.242791 + 0.826958i
0.2967 - 2.1103i
-2.23969 + 0.717i
-0.341506 + 1.11748i
-0.69898 + 0.265038i
-0.128877 + 1.21737i
-0.181099 + 1.84086i
-2.19051 + 1.62i
-3.74451 - 3.51127i
0.206833 + 0.42014i
-0.866008 - 2.79661i
1.76576 - 1.54335i
0.736792 + 3.51619i
-1.18892 + 1.72247i
1.64383 + 0.778061i
1.80664 + 0.600611i
-2.73865 + 2.62008i
1.04115 + 2.01133i
-2.85261 - 2.35613i
0.219584 - 0.921466i
1.8922 + 2.72612i
1.00748 + 0.74603i
2.99861 + 1.16533i
-1.4777 - 3.24697i
-1.09855 + 0.343442i
-1.10266 + 0.946919i
1.72353 - 2.23782i
-0.434652 - 1.14444i
-1.58688 - 1.15201i
-1.43602 + 0.213783i
2.81551 + 3.57269i
1.08553 + 1.95002i
-0.911439 + 0.131169i
-1.15389 + 1.37151i
1.23978 + 1.36185i
-1.65235 + 0.371892i
-2.08916 - 2.1088i
0.242799 - 3.09001i
-0.0234753 + 2.05424i
-1.33846 + 0.646379i
-1.6579 - 0.314561i
-1.35013 + 0.119728i
0.400253 + 0.711888i
-2.29344 + 0.832238i
-0.281905 - 0.25819i
1.15605 - 0.857947i
0.738279 + 1.66614i
1.20345 + 0.231648i
-2.96574 + 0.712367i
-0.381764 - 1.17966i
2.09492 + 1.91673i
0.363158 - 0.785117i
-0.763695 - 1.57785i
-2.31625 - 0.782137i
2.64326 + 0.838306i
-0.230603 - 0.466918i
2.24191 + 0.618149i
2.44505 + 0.214193i
-0.431702 - 0.629062i
-0.59637 - 3.32765i
1.43148 - 0.0156608i
0.337947 - 2.49154i
0.284091 + 0.38589i
-1.47623 + 1.04502i
-0.720787 - 0.49504i
-1.46731 - 0.606829i
1.05496 + 2.56667i
-3.04136 + 0.0162099i
-1.06025 - 1.46509i
0.0706195 + 1.15718i
-0.336983 + 3.07335i
0.239082 - 0.152743i
-0.632019 + 0.0461978i
1.81538 + 0.537229i
1.509 + 1.30789i
-1.14832 - 1.50719i
1.05587 - 2.66279i
-0.751067 - 0.642387i
-3.12937 + 0.722322i
0.797046 - 1.02575i
1.06547 + 3.89814i
-0.226885 - 4.23994i
-0.587855 + 0.24084i
3.46852 + 0.826538i
-0.725892 + 0.481898i
-0.465062 - 1.40268i
-0.840402 + 0.149658i
-1.45461 + 0.0917968i
2.05502 + 0.518168i
-0.0402367 - 2.65983i
0.269826 - 0.756209i
1.49785 - 1.59899i
-2.45252 - 0.447117i
-1.90439 + 2.49916i
0.0190787 - 2.38605i
4.08584 - 2.13794i
-2.16734 - 1.5617i
0.376332 - 1.631i
0.964529 - 0.0129455i
0.557026 + 0.966379i
0.911538 - 2.04175i
2.2318 + 2.2976i
-0.157027 + 1.30855i
-0.0938199 + 1.72244i
2.64741 - 2.02935i
-0.439857 - 4.20099i
2.82362 - 0.298898i
1.49843 + 1.665i
0.357291 - 0.527597i
-3.72105 + 3.16947i
1.25866 + 1.43012i
-2.78465 - 0.291639i
1.39229 - 0.807657i
-0.0775367 + 0.918788i
0.0793697 + 2.21144i
-0.428617 - 0.210462i
1.49387 + 3.1654i
-2.23036 - 2.43349i
-0.272433 - 1.42864i
-0.439833 - 1.80969i
-0.0222614 - 0.390258i
0.677405 + 1.87735i
-0.39283 - 0.122724i
0.816748 - 2.31447i
1.41595 - 0.582762i
0.0287094 + 1.39788i
0.743378 + 0.0404046i
-0.759476 - 1.52345i
-2.05409 + 0.676725i
-1.69766 - 0.454549i
0.374315 + 0.581268i
-1.80809 + 1.43231i
2.02728 - 2.89296i
0.36229 + 0.257662i
1.68547 + 0.551048i
0.964034 + 3.00733i
-0.780721 - 0.255348i
-1.63086 - 1.30921i
1.711 - 1.21758i
0.945859 - 4.74152i
-0.560237 - 2.37535i
0.526449 + 0.0111305i
-3.11204 + 1.39634i
-0.559146 - 1.03737i
2.63779 + 0.816743i
-1.76621 - 0.208425i
-2.00514 - 1.38624i
-0.595981 - 0.778906i
-1.84197 + 0.603604i
-0.373017 - 1.58013i
-3.30834 - 0.580799i
-1.38535 - 0.559911i
1.00011 - 0.267649i
-0.352167 - 0.102727i
-1.62684 + 0.956208i
-0.954563 - 0.8737i
-0.127623 - 1.48928i
0.5943 + 1.20574i
0.626466 + 0.313762i
-1.08436 + 0.493289i
-1.07645 - 0.561857i
-0.614391 - 3.03085i
-1.47289 - 0.597165i
0.113789 - 0.934101i
0.684717 + 0.533767i
-5.54424 + 0.602202i
-1.42806 + 0.742888i
0.6425 + 1.98087i
-0.0881612 - 0.247459i
-0.827336 + 0.264369i
-2.71901 + 1.42603i
2.21657 + 1.67341i
-0.0220666 + 0.778474i
-0.189634 + 0.774588i
3.41758 + 1.48075i
-0.0754091 - 2.2684i
-1.24505 + 2.02442i
-2.90786 - 0.122882i
-4.57734 + 0.556547i
-1.07282 + 1.57367i
1.48626 - 4.25706i
0.257908 + 1.25058i
0.195811 - 0.747224i
0.150912 + 0.100853i
2.60921 - 1.45009i
-1.07704 - 1.85314i
-0.697644 + 0.342779i
-0.489156 - 2.48301i
-1.25268 - 0.559598i
0.36406 + 1.55514i
0.241302 + 1.10089i
-1.17908 - 1.73865i
1.16492 - 0.64776i
2.39146 + 2.80577i
1.26673 - 1.95874i
0.195575 - 1.94106i
1.56497 + 1.5795i
0.0616745 + 1.36678i
-1.49119 - 0.474777i
1.58208 - 1.14686i
-0.778135 + 0.535016i
2.37924 - 2.24688i
-1.24198 + 0.093009i
1.03695 - 0.782211i
1.99722 - 1.2132i
-2.3539 - 0.901359i
3.69604 + 0.111054i
-0.990588 + 0.845597i
0.37155 - 0.576861i
-0.476566 - 1.28383i
2.11923 + 2.85438i
3.00433 + 1.26786i
0.491094 - 1.39954i
-0.0144865 - 0.733139i
0.815438 - 0.630484i
-0.331387 + 0.960067i
0.434581 - 1.33475i
-1.8372 - 1.06574i
3.08501 - 0.12181i
-1.68388 + 2.04675i
0.445184 + 5.08099i
-0.238444 - 0.340203i
0.935455 - 2.4711i
-0.10388 - 0.302426i
-0.0233166 - 1.82868i
-0.890006 + 0.289812i
-3.42211 - 1.07633i
1.55038 - 0.647605i
2.09901 + 0.126299i
-0.658985 + 0.838259i
2.5832 - 0.136384i
-1.61971 - 0.148792i
0.532113 - 5.48823i
-1.29047 + 0.0836164i
-2.1073 + 0.649612i
-2.46542 - 0.936923i
-1.85753 - 2.60482i
3.05358 - 0.113572i
-0.299906 - 2.44305i
2.10053 - 1.48022i
2.40549 + 2.02245i
1.42495 + 0.810118i
0.0261611 - 3.28199i
-0.0854936 - 0.846424i
-0.389697 - 0.625168i
1.27744 - 0.610608i
2.15446 - 3.17677i
-1.22577 + 1.89155i
-0.28329 + 2.77239i
2.10001 + 3.7519i
2.80048 - 0.272074i
1.33241 + 0.265643i
-1.14292 + 0.836009i
2.45769 + 2.19181i
0.194279 - 2.20859i
-3.419 + 0.169023i
0.150435 - 2.22384i
-0.581737 - 1.87945i
-0.741241 - 0.35436i
-1.03156 - 0.378388i
-1.24296 + 0.640287i
1.81158 + 1.0363i
-2.84572 + 0.6454i
-0.458012 - 1.69631i
-0.0839402 + 2.4308i
-0.0751773 - 0.709704i
0.356934 - 0.928136i
-0.734737 + 0.618348i
0.180477 + 0.419491i
0.63455 + 0.68637i
-0.679264 + 0.382827i
-1.05164 - 3.2052i
-5.59064 - 4.16374i
-1.3619 + 3.74509i
-2.47218 + 0.821215i
0.487408 + 2.80554i
-0.847712 - 0.464639i
2.72053 - 1.45692i
-0.918098 + 2.11793i
0.0145278 + 1.09791i
-1.44409 - 0.34294i
0.548279 + 0.807503i
3.0174 + 0.807663i
-1.04915 + 0.241363i
2.97928 - 2.1752i
-1.81356 - 1.99184i
0.12337 - 1.0399i
1.42295 - 1.21891i
-2.64541 + 2.83944i
1.69962 - 1.95932i
1.8886 - 1.16943i
-1.36931 + 0.893916i
-0.822369 + 3.56688i
1.41381 - 2.48343i
1.21679 + 0.706844i
2.25183 + 1.0609i
-3.02881 - 0.0829208i
-1.87168 - 0.680765i
-0.900245 - 2.77015i
1.37141 + 3.26814i
-0.453594 - 0.390609i
-0.419498 + 2.81293i
2.5058 + 1.10474i
0.748755 + 0.536581i
1.51265 + 0.434795i
-0.332602 + 1.22964i
1.15034 + 0.498459i
-2.97042 + 1.52019i
0.158314 - 0.552313i
1.75615 - 1.93806i
0.121795 + 1.29629i
-0.338293 - 1.00285i
-2.63827 - 0.858651i
-0.403839 + 2.90119i
-2.49244 + 0.518433i
-1.46458 + 3.21308i
-1.8041 - 0.0221868i
-2.6795 - 0.842285i
-3.03243 - 2.08038i
2.12168 + 2.90066i
1.01822 + 1.14252i
2.37624 + 2.21676i
-0.275302 + 0.941053i
-0.353065 - 3.10731i
3.52869 - 2.39562i
-2.30091 + 1.03037i
-0.0198904 + 0.568977i
0.0355189 + 2.98914i
0.234837 + 1.57278i
-1.23758 + 0.548165i
1.71102 - 0.543365i
1.04504 - 0.176296i
0.0046227 - 0.333578i
-1.30466 + 2.44238i
0.165968 - 0.127821i
0.826022 + 2.36056i
0.976272 + 1.7357i
-0.325695 - 0.346962i
2.20379 - 0.295915i
-3.07327 + 2.84176i
-0.317095 - 0.248174i
1.93546 + 0.399255i
2.43181 + 2.24073i
0.214615 + 2.01364i
2.29705 + 1.07757i
-0.479429 + 1.14504i
-2.8801 - 1.7609i
1.07226 - 1.21821i
-3.80141 + 0.908545i
-0.66261 - 1.72816i
0.641641 - 0.307095i
2.06978 - 3.86106i
-2.30241 + 3.02397i
-1.52861 + 1.13752i
-0.428168 - 2.46576i
-1.37602 - 1.66401i
-1.81789 + 1.39015i
2.48261 - 0.69223i
1.36504 + 2.20724i
-1.34204 - 0.815606i
-1.79312 - 1.35608i
-0.302424 - 1.83735i
0.279048 - 1.34218i
-2.07892 - 1.99715i
0.403878 + 2.58193i
0.910856 + 3.16068i
-2.3678 - 0.323668i
0.347122 + 2.3533i
3.6781 + 0.882552i
-0.344568 + 0.238139i
-1.52097 + 1.61351i
-1.20473 - 2.31005i
-1.56681 + 0.106117i
-1.69884 + 0.557941i
-1.81671 + 1.95309i
-0.669918 - 0.599532i
1.10532 - 0.454547i
-1.29518 + 1.80528i
-2.64918 + 2.41905i
3.24986 - 2.12853i
1.27483 - 0.960076i
-2.24277 - 0.401627i
-2.05638 - 1.59142i
-1.65483 + 1.83859i
3.11959 - 0.284796i
2.95191 - 1.65195i
-0.46082 - 0.498704i
0.391544 - 2.21421i
-0.836081 - 0.651621i
3.26589 - 1.42326i
0.114626 + 0.974036i
-2.03866 - 1.13783i
2.48687 + 1.79026i
-1.61724 - 1.17477i
-0.3675 - 0.876467i
2.01446 + 1.2514i
-2.42884 - 1.01963i
1.30815 - 3.11222i
-0.752289 - 0.754008i
0.236008 + 0.0563363i
0.608263 - 0.0900561i
-2.39024 - 0.691802i
1.09226 + 0.666597i
3.11444 - 2.90908i
-1.6196 - 0.586155i
-2.60707 - 0.868355i
-0.992055 + 0.670369i
0.889111 - 0.236286i
-2.19097 - 0.0448816i
0.478839 - 0.0193278i
0.191145 + 0.6438i
-0.854115 - 0.173489i
-3.39938 - 0.395739i
-4.00114 - 2.88375i
1.28792 - 1.82193i
1.15397 + 0.296857i
-0.170328 + 1.37852i
-1.6608 + 2.46262i
-1.95601 - 1.54441i
2.2312 + 1.72463i
-1.08791 - 0.439105i
-0.948541 - 0.811268i
-0.256798 + 1.64776i
-1.26956 - 4.94593i
0.74275 - 1.47038i
1.03029 + 2.33691i
-0.365528 - 0.386657i
-1.71892 - 2.29439i
-1.67651 + 2.22468i
0.0218303 - 2.23157i
0.654799 + 1.05961i
-0.700713 - 1.8181i
-2.35862 - 0.145432i
-1.30303 + 0.211517i
1.68381 - 0.0403392i
1.42371 - 1.92395i
-3.39651 + 0.393869i
-0.491565 + 2.50336i
-2.39431 + 0.542456i
0.217499 - 2.57395i
-0.180331 - 2.87821i
2.26798 - 0.817697i
2.88755 + 1.35375i
-1.68242 + 0.67759i
-4.24122 - 0.537033i
-1.01652 + 0.697235i
1.34537 + 3.67071i
-3.19244 + 2.85062i
-0.310748 - 1.33737i
-1.26356 + 1.96286i
-2.36787 - 1.71933i
3.50785 - 0.771693i
1.97831 + 1.57108i
-0.470572 - 0.468523i
3.94346 + 0.62079i
-2.80881 + 1.58012i
-2.82853 - 1.27288i
0.0504218 - 0.847097i
2.65443 - 3.27322i
0.645749 - 0.421395i
1.71766 - 0.742498i
-1.04629 + 0.834552i
1.30808 + 0.278657i
-2.46204 - 2.50291i
0.523367 - 2.38944i
0.64709 + 0.951973i
-1.45386 - 3.51882i
-1.49186 + 2.3122i
-1.66129 - 0.404172i
0.129008 + 0.00189531i
3.25502 - 2.901i
0.18556 + 0.443737i
-0.110003 - 2.95157i
1.33522 - 2.01063i
-1.99517 + 0.925312i
0.435059 - 1.15869i
0.9265 + 2.91869i
1.23781 - 1.77909i
-3.14316 + 2.29634i
2.82531 - 0.848681i
-3.15969 - 0.101276i
-1.95373 + 2.4774i
0.687238 - 0.533251i
1.36026 + 1.35836i
-0.479187 - 0.0902792i
-2.2853 - 0.365351i
-1.94039 - 1.54209i
-4.61234 - 3.38811i
-0.856347 - 1.10854i
1.08648 + 1.32441i
-1.00617 + 2.62309i
2.81618 + 0.617423i
-2.06809 + 2.50679i
-1.97645 - 0.340523i
-4.78053 - 0.326988i
0.147662 + 1.11269i
-2.14235 + 1.4996i
2.65984 - 0.593343i
-1.69488 + 0.234722i
2.03061 + 0.225561i
1.24322 - 1.33604i
-0.817979 + 1.73384i
-1.14168 + 2.72853i
-1.24627 + 1.77046i
2.04193 + 1.86464i
0.323782 - 0.7351i
-2.11405 + 2.0822i
3.66056 - 1.61169i
0.614007 + 2.24754i
0.354988 + 0.648237i
-2.94448 - 0.223921i
0.0305641 - 1.38644i
0.442391 - 0.951428i
0.41496 - 0.12086i
-0.446708 + 2.0214i
3.25209 + 1.58985i
0.882863 - 0.0568617i
2.06605 + 3.58475i
0.408922 + 2.71078i
-0.342817 - 0.129149i
-0.512876 - 3.00451i
0.248058 - 1.54113i
0.322003 + 1.78088i
-0.153838 - 0.990286i
-0.0822407 - 1.13338i
0.102898 + 0.293909i
-3.42044 + 1.07697i
0.219545 - 0.672642i
-0.00664258 - 0.514836i
0.57015 + 1.16159i
-0.574801 + 0.9556i
-2.71005 - 1.46435i
-2.05674 - 0.746182i
1.9059 + 2.21021i
-0.730122 + 1.39137i
-1.94724 - 0.689806i
0.257756 + 0.374684i
-0.798257 + 0.700167i
2.45814 - 1.68352i
-1.45853 + 0.90248i
1.28706 - 0.645941i
1.02085 - 1.96547i
2.56849 + 2.29207i
1.59764 - 0.289787i
0.423715 + 1.02029i
2.59507 + 1.27096i
0.942262 - 1.42372i
-0.497786 + 2.23886i
1.82841 + 2.61608i
-1.36519 + 2.0783i
2.50587 - 0.45939i
-1.62541 + 0.611848i
-1.44275 + 1.19443i
-1.91517 - 0.178557i
1.05917 + 0.952301i
0.413832 - 1.05239i
0.110953 + 0.480911i
-2.57965 - 0.371825i
-1.63444 - 0.535879i
0.163098 - 0.739952i
-0.0916066 + 0.663843i
1.90904 - 1.31992i
1.79475 + 1.27493i
0.692437 + 1.1962i
2.01133 + 0.48115i
-2.54148 + 0.300852i
0.65561 + 1.22162i
-0.111283 - 0.115737i
-0.561853 - 0.224058i
-2.28757 + 1.40895i
2.79898 - 1.85388i
-0.190552 - 2.52483i
-1.28908 + 1.99739i
-4.40808 - 3.13993i
-1.73436 - 0.490395i
2.01609 + 1.02052i
-0.0903316 - 1.22298i
0.173794 - 0.426236i
1.48429 + 0.320071i
0.305011 + 1.69611i
1.16413 - 3.027i
0.188937 - 1.59154i
0.320581 - 0.0354621i
-1.18159 + 0.574233i
0.865516 - 1.33898i
0.502463 + 2.24455i
0.706125 - 0.18178i
2.53523 - 0.103309i
0.923311 + 1.04676i
3.72028 + 0.40744i
-3.54209 + 0.852228i
-0.376487 - 0.104506i
-0.811195 - 0.467765i
-4.25908 - 2.55743i
-1.04991 - 2.56052i
-0.36476 + 0.544814i
2.13344 + 2.61204i
0.146336 + 2.32722i
0.552755 + 1.41276i
1.62183 + 1.15678i
1.25908 - 3.05837i
-3.03644 - 0.110385i
1.43358 + 2.27407i
0.854713 + 0.659323i
1.98829 - 1.64924i
1.48601 + 1.3595i
-0.547075 - 1.83819i
-1.84667 - 1.91004i
-1.97881 - 0.190476i
0.287502 + 1.89425i
-2.65652 + 1.0869i
-2.8085 - 0.0723727i
0.367794 + 0.425529i
1.99213 - 1.67773i
-2.41504 + 0.11405i
-0.233568 + 1.22955i
0.190881 + 0.698754i
2.62621 + 0.374343i
1.88308 - 1.75747i
-3.97547 + 0.032195i
1.62909 - 1.01313i
2.07406 - 3.7013i
1.73664 - 5.13184i
-0.139161 - 3.475i
2.3875 - 0.542919i
2.62188 + 2.50153i
-2.09255 - 1.18393i
-3.22546 - 1.43382i
-0.840065 + 0.0837169i
-1.61328 - 1.67799i
-1.81733 + 1.22648i
1.62655 + 1.17136i
-0.477867 + 0.480728i
0.862342 - 1.69985i
0.954093 - 1.27924i
5.10574 - 2.6137i
-0.0662229 + 0.392166i
-1.00563 - 0.14696i
-1.07757 + 1.91119i
0.662803 + 1.17089i
2.43062 - 3.25234i
5.48007 - 0.945074i
-0.987609 - 0.338466i
0.729896 - 2.23971i
0.452252 + 1.16882i
-2.22434 - 1.27307i
1.86958 - 2.90406i
1.73575 + 0.643627i
-0.21619 + 2.49962i
0.738093 + 0.679818i
-2.7239 - 1.98019i
1.50855 + 0.497786i
0.296662 + 0.423692i
3.22521 - 2.05579i
-2.71857 + 1.43911i
1.08911 - 1.98176i
1.65315 - 0.704593i
0.157586 - 0.973866i
0.318013 - 2.9219i
-0.796925 + 2.57048i
0.759822 + 0.933447i
-0.105628 - 0.831504i
-3.41247 - 1.21858i
3.62028 + 1.7525i
-0.771178 + 0.0574285i
-2.1106 + 0.539446i
-1.75365 + 1.0588i
-0.861453 + 2.42057i
-0.355218 + 1.07678i
-2.37833 - 0.460205i
-0.740543 + 5.68403i
-0.973026 + 0.965609i
-0.585877 - 0.12235i
1.63652 + 3.63342i
2.38383 + 1.07376i
-0.820611 + 1.86376i
2.17685 - 3.60083i
1.49849 - 2.59174i
1.09825 - 0.561079i
1.01415 - 0.060384i
0.301303 + 2.25265i
-0.70547 - 0.538103i
-3.18043 + 3.24716i
-0.163348 + 0.493041i
-2.27504 + 0.282029i
0.229486 - 0.356487i
1.12453 + 1.58191i
0.782232 + 2.9064i
0.151082 + 0.362939i
-0.339904 - 0.0460485i
1.07006 + 0.722344i
-2.31825 + 0.733913i
1.3905 - 2.94099i
1.06566 - 0.0372425i
0.752156 - 0.083454i
0.548931 - 1.94511i
2.00498 + 0.287644i
0.452091 - 0.838652i
-1.21723 - 0.538936i
1.39674 - 2.52545i
-0.347211 - 0.865259i
0.646803 + 0.338135i
-1.14212 + 1.4949i
-2.06881 + 2.70993i
-0.0277655 - 0.595871i
-5.3937 - 2.32121i
-1.94441 + 1.73556i
0.163128 + 2.45383i
-1.07578 + 2.1957i
1.14142 - 2.93473i
-0.320886 - 2.05596i
-0.658235 - 0.166975i
-1.72038 - 0.707228i
0.396933 + 1.66479i
-1.91172 - 1.11617i
-1.48132 + 2.30306i
0.819938 + 1.58104i
-1.90228 + 2.40073i
-1.00777 + 1.64037i
-0.436224 + 1.85852i
-0.225065 - 0.58376i
-0.394205 + 1.46612i
0.605314 - 0.909627i
1.19968 - 2.31813i
0.506007 - 1.5288i
0.644171 - 0.776926i
-1.57133 + 0.211861i
0.262401 - 0.537802i
0.19318 - 1.05872i
1.80973 - 3.57089i
-1.90718 + 2.97062i
-2.81808 - 0.177128i
1.34966 - 1.28832i
-0.117662 - 1.40396i
0.526334 + 3.92773i
-1.36545 - 2.71897i
-1.64495 + 1.19888i
0.622245 + 0.342117i
2.15533 + 0.266557i
-1.86438 - 0.796996i
1.65839 + 3.27823i
0.857892 - 1.12842i
3.3756 - 0.525852i
0.168012 + 0.544427i
1.37181 + 1.0847i
-2.98923 - 1.82997i
1.55494 - 2.24794i
-2.36988 - 1.12906i
0.914841 + 0.340237i
-0.24374 - 1.65012i
2.79027 - 0.456918i
-5.36825 + 0.0384604i
2.35221 - 0.571737i
1.41139 + 2.47257i
-0.678376 - 0.528753i
-0.735211 + 2.14528i
1.34139 + 0.0399554i
-1.15035 + 0.593389i
-0.467257 + 1.9999i
-2.6474 - 3.09205i
-0.208715 - 2.89353i
-0.072378 + 2.1652i
1.44124 + 1.23237i
-0.726949 - 0.480797i
-0.686529 + 0.830435i
1.78882 - 0.398048i
-2.29382 + 3.9009i
0.460613 + 0.553239i
-1.24059 - 0.249559i
2.76314 + 0.992252i
0.799352 - 0.681191i
-0.664042 - 1.04664i
1.25 + 0.979183i
-0.906777 - 0.191391i
1.52992 + 0.392278i
0.637819 - 0.0280175i
-0.785015 - 2.53428i
0.677661 - 1.04244i
0.702785 - 0.75519i
1.90568 + 2.98243i
2.55389 - 1.52128i
-0.246423 + 2.27382i
-1.65655 - 0.359994i
-2.33409 + 1.01153i
-1.69342 + 1.28967i
1.81316 + 1.47325i
-0.843536 - 4.1067i
-2.45395 - 1.79205i
-2.59584 + 0.33932i
0.916167 + 1.64997i
4.3112 - 1.8824i
-1.67488 - 0.188953i
-1.02959 + 1.11638i
-1.32943 + 2.49371i
-2.5897 - 0.015698i
1.91656 - 0.00884867i
1.63307 + 3.69512i
2.22692 - 1.35037i
-1.44714 - 1.22009i
1.77664 + 1.57826i
4.6995 - 1.26989i
-1.46214 - 0.854705i
3.29155 + 4.89002i
3.2682 + 1.42321i
-2.72699 + 0.16624i
2.95576 + 0.344352i
-0.630306 - 1.14198i
-0.969603 + 2.17834i
-3.314 - 0.469268i
-0.213374 - 1.51013i
2.35013 + 3.72017i
0.590074 + 1.70136i
-1.68177 + 2.76589i
-0.637324 - 0.534658i
-0.693484 + 3.56691i
-0.283957 - 1.39963i
0.0291381 + 0.532182i
-0.401235 - 1.28114i
0.245162 - 1.63193i
-3.94752 - 1.13793i
0.154277 + 1.09236i
2.54414 - 3.23402i
-1.87831 + 0.702208i
0.101756 + 2.8948i
-3.10269 - 1.23196i
2.78144 + 2.43003i
1.52835 + 2.92272i
-3.20886 - 0.252754i
2.56958 - 0.350942i
0.953789 - 1.51854i
1.80652 + 0.660016i
1.45547 - 2.6965i
2.67928 + 0.568758i
-1.54583 - 1.0568i
0.225965 - 0.752067i
-1.82316 - 0.811441i
2.08193 - 1.35566i
2.77685 - 1.49963i
-1.6144 - 0.796689i
-0.364563 + 1.15291i
-0.826471 + 0.0288923i
-2.71894 + 1.04982i
3.10961 - 1.57835i
0.948022 - 0.0117553i
-2.85177 - 1.14912i
-0.786282 + 1.03357i
-1.62115 - 1.65197i
-0.278884 - 0.558696i
-1.98889 - 0.679455i
-0.533132 + 0.0151608i
1.1614 - 2.61811i
-1.45363 - 0.779879i
1.28893 + 0.798253i
0.570251 - 0.113477i
-2.06992 + 1.73299i
1.58685 + 0.670283i
0.846841 + 2.02236i
-1.22768 + 0.549707i
0.528701 - 0.647759i
-1.01271 + 1.60374i
-1.288 - 1.42509i
2.17788 - 0.396402i
3.66293 + 2.44577i
2.37945 - 1.59782i
-0.945816 + 0.32386i
-1.40227 - 3.61139i
-0.334108 - 1.64379i
-0.493984 + 3.05578i
0.846685 + 2.18604i
0.057831 - 0.0438612i
1.15154 + 0.497279i
-2.45025 + 1.35194i
-2.48776 - 1.18405i
0.270578 + 1.43769i
-0.903404 + 1.90718i
-1.47245 - 2.65119i
-3.9664 - 1.12551i
2.45252 + 0.993829i
0.721736 - 0.623694i
-3.60373 - 0.674233i
1.76774 - 0.993237i
3.26987 + 2.0622i
2.59357 - 2.13799i
0.283822 - 0.192369i
-0.796949 + 1.28088i
-0.8989 - 1.15892i
-3.86323 + 2.5014i
-1.13188 + 2.42475i
1.13248 - 2.54538i
0.397755 + 0.533904i
-0.850682 - 0.757097i
-1.53681 + 2.77465i
-1.43773 + 0.0162129i
-0.897987 - 1.18821i
-0.818359 + 1.52643i
0.370362 - 1.29309i
-2.2516 + 0.590479i
1.59063 - 0.530093i
1.69126 + 0.51935i
0.219191 + 2.3681i
-0.209629 - 0.312081i
3.17872 - 0.255761i
-2.40226 - 2.37889i
-0.307293 + 1.61452i
1.11871 + 1.58004i
-0.686111 + 0.37766i
1.66462 - 1.75336i
0.79234 - 4.55209i
-1.8864 - 0.177207i
-0.369147 - 0.195093i
-1.55062 + 2.0789i
2.53462 + 1.2506i
0.708978 + 0.592743i
-3.13851 - 2.96569i
0.519504 + 1.49164i
-0.283984 + 0.364955i
-1.17111 - 1.27443i
-0.475297 + 0.462958i
-1.39375 + 0.368536i
-0.275114 + 1.50042i
-0.509361 + 1.70526i
0.917892 + 0.87355i
-0.705984 + 1.58229i
-0.426897 + 1.81834i
-0.205221 + 0.0935639i
1.09285 - 0.329781i
-1.24062 + 2.58899i
0.643632 - 2.72248i
0.792119 + 0.135703i
1.30464 - 1.16406i
0.64081 - 0.913587i
-1.49155 - 2.46502i
3.41169 - 3.15793i
1.37298 - 0.834266i
2.22305 + 2.89478i
-3.98609 - 0.628843i
-3.5019 + 2.06525i
-0.471349 + 2.25996i
-2.84836 - 1.70878i
1.25704 - 0.482697i
0.569282 + 1.2244i
-2.03577 + 2.71767i
-1.01526 - 1.70587i
-0.926698 - 2.33487i
-0.800161 + 0.587014i
-1.83352 + 1.32676i
-1.82061 - 4.05214i
-1.58453 + 0.433757i
-0.169018 + 1.3525i
2.02089 - 1.1441i
-0.00346364 - 0.0420875i
-0.63774 - 0.322291i
1.74188 + 0.0253276i
-1.54864 + 0.453634i
-1.10043 + 1.08246i
-0.928921 - 1.18888i
0.364921 + 0.490363i
0.461536 - 0.0669494i
-0.944965 + 2.84469i
-0.377297 + 0.701475i
1.53564 + 3.05841i
0.752985 - 2.8477i
0.400394 - 4.47749i
0.0957149 - 0.258497i
-0.546158 + 0.4155i
1.10737 + 4.07542i
-1.25896 + 0.834436i
-2.01892 + 0.344147i
1.87853 - 3.07494i
0.0199881 + 1.99284i
-1.69735 + 0.67118i
-0.14178 - 0.314487i
2.03041 + 2.49908i
0.265508 + 1.46298i
-3.57946 - 2.52968i
-1.25995 + 1.07236i
-0.011659 - 1.39053i
-0.325985 - 0.300729i
1.22348 - 0.26686i
-2.24246 - 1.37297i
-0.7647 + 2.12667i
2.04369 + 1.42058i
-0.389828 - 3.16429i
1.35493 + 2.49029i
0.0337307 - 1.359i
-1.39038 + 0.267176i
2.30457 + 0.229602i
