//czasowy przebieg sygnalu
2.97566
3.00464
3.25483
3.06088
2.94904
2.93216
2.88532
3.13975
2.72776
3.15957
2.88082
3.00065
2.75001
2.99611
3.07482
3.21352
3.01887
2.75062
3.1843
3.29964
2.74229
2.78452
2.90944
2.79723
3.1123
3.13599
2.98087
3.00788
2.77194
3.00581
3.06036
3.19626
2.83842
3.09529
3.27628
2.7309
3.05994
2.76532
2.92194
2.8098
2.75165
3.10048
2.77254
3.26596
3.003
2.80204
3.22921
2.85825
2.91014
3.06646
2.78634
3.0622
2.81154
3.17864
3.08364
2.96017
2.76079
2.7347
3.29445
2.7752
2.887
2.85178
3.29521
3.10599
2.93594
3.27562
3.19453
3.16804
3.16112
2.92687
2.7508
3.11885
2.94504
3.10414
2.99346
3.08521
2.73761
2.9702
3.03051
2.85929
2.70431
2.91264
3.06149
2.7323
2.83976
2.87473
2.89975
2.86069
2.72864
2.71476
2.85864
2.95224
2.75521
3.07181
2.72392
3.01867
2.73608
2.70416
3.16493
2.9327
2.74552
2.98389
3.15346
2.78065
3.05991
3.25365
2.86519
3.0313
2.89955
3.23511
3.0662
3.0301
2.81451
3.17354
3.08537
3.03513
3.20849
3.16799
3.21364
2.94137
3.02075
2.76371
2.9894
2.9717
3.12517
3.2518
2.98316
2.92857
2.70202
2.77567
3.20039
3.11232
3.29227
3.20397
2.96122
2.82049
3.28562
3.28027
2.92607
2.94859
2.8261
2.87309
2.79627
2.83196
2.79295
2.81446
3.20993
2.82697
3.23867
3.07755
2.88188
2.9908
2.85939
3.00269
2.80555
2.79253
3.12791
3.08677
2.79749
2.89953
3.28443
3.17418
3.04374
2.97799
3.11608
2.8877
2.76645
3.28328
2.71576
2.76507
3.26881
2.7816
2.9503
3.05274
3.27972
3.20022
3.1918
2.78484
2.92281
3.17661
3.26856
2.90578
2.91412
3.26936
3.17448
2.91659
3.04982
3.19151
3.25813
2.8035
2.98716
3.05348
3.11644
2.98609
3.0565
2.81883
3.0709
2.752
3.17559
3.02317
3.04471
2.82283
2.70294
3.02749
2.92505
2.7387
2.97825
2.89104
3.08412
2.97724
3.03775
3.10788
2.85717
3.09026
2.96296
3.16352
3.09854
2.9771
2.95727
2.97202
2.85388
3.27853
2.89803
3.18355
2.92859
3.09237
2.90767
2.94677
3.21757
3.05007
2.96204
2.77361
3.01038
3.25616
3.11848
3.23589
3.14685
3.06534
2.96576
3.25857
3.06691
2.88207
3.05359
2.89268
2.90038
3.14444
2.84722
3.04489
3.11815
2.7274
2.73805
2.88745
2.70393
3.13351
2.87316
2.84428
3.12628
2.79627
2.95688
2.94111
3.19839
2.90162
3.10157
3.02873
2.8408
3.2521
3.03045
2.95273
3.06207
3.06674
2.98552
2.7628
3.22218
2.88829
3.27509
2.89276
2.86825
2.74362
2.74442
2.70865
2.80584
3.14595
3.14831
3.11058
3.23829
2.824
3.09275
2.92469
3.29604
3.02495
3.03688
3.13876
3.11282
3.23114
2.76762
2.94648
2.92948
2.96158
2.96129
2.71794
3.26815
3.16352
3.06995
3.03205
2.958
3.12439
2.88301
2.90204
2.91843
3.04657
3.01399
2.77485
3.19918
3.15767
3.09545
3.03496
2.92044
2.89384
3.07123
2.88462
3.03135
3.13958
2.79479
3.18375
2.78239
3.0412
2.74381
2.7766
3.0021
2.92347
3.23678
3.28859
2.9327
3.14895
3.01819
2.99688
3.00113
2.8119
3.12944
2.89694
3.10064
2.9537
3.21106
3.01124
3.20066
3.03415
3.05914
3.18881
2.96327
2.76055
2.8154
2.738
3.05673
3.18695
2.91366
2.95243
3.06626
2.77081
2.74165
2.84681
2.96156
3.19919
3.2218
2.91266
2.94272
3.29079
3.26064
2.82439
3.01375
2.99814
3.19985
3.06761
3.21174
2.95731
2.74927
3.02442
3.15719
2.81744
2.95391
3.04504
3.24137
3.07884
3.2201
3.00879
2.85539
2.74039
2.9366
2.88961
2.72098
3.08687
3.16816
3.21038
3.07013
2.94828
2.93739
3.01917
3.25515
2.91609
3.16115
3.0079
2.9144
3.00895
3.09675
2.90853
2.96318
2.93591
2.84721
3.26744
2.91951
2.71732
2.94578
2.89437
3.29102
2.7741
3.11568
2.99154
2.94522
2.90111
3.03705
2.96872
3.28244
2.93824
3.18311
3.22498
2.76186
3.18242
2.84326
2.97292
3.08379
2.99799
3.27064
2.99197
3.09442
2.9588
3.03613
2.7842
3.25306
3.11164
3.1316
3.07059
2.90537
3.10778
3.23794
3.19261
3.11627
3.00104
2.84173
2.92912
2.88507
3.05987
2.88599
3.14711
2.90559
3.19819
3.27826
3.07987
3.17884
2.94774
3.14364
2.95725
2.85538
3.04268
3.23206
3.05037
2.85011
3.0508
2.89818
2.89779
3.28713
2.83329
2.85463
2.8026
3.25268
3.02625
2.9684
3.21882
2.93051
2.86118
3.28803
3.11732
2.75144
2.88547
2.7857
2.98613
3.05123
3.23399
2.9763
2.83677
2.80153
3.16994
3.16641
2.95795
2.82075
2.88722
3.08681
2.89987
3.0234
3.11889
3.13347
3.22323
3.19316
2.92369
3.01312
3.24477
3.06609
2.81895
2.88042
3.20357
3.11365
3.17969
2.86919
2.86098
2.803
3.27266
2.74483
2.86958
3.16027
2.89207
2.84694
2.96201
3.13267
3.23698
3.14833
3.08281
3.18337
3.25675
3.15787
3.20719
2.79802
3.11258
2.8702
2.90027
2.88842
2.90929
2.88444
3.1141
2.70693
2.89762
3.15279
3.08205
2.8112
3.11147
3.15507
3.29791
3.05162
3.09648
2.844
2.82057
3.26834
2.84091
2.99173
2.70409
2.80989
2.77071
3.2161
3.13649
2.92891
3.15799
3.01605
2.77161
2.92825
3.02452
3.01295
3.19246
3.17157
3.1001
2.97409
2.91597
3.08278
3.21818
3.03135
2.92444
3.03716
3.01877
3.26286
2.84034
2.85575
2.90772
2.99745
2.87495
2.9835
2.80055
3.06955
2.90591
3.01991
3.24783
2.86653
2.90428
3.28777
3.18194
3.16771
2.89244
3.26788
3.17969
2.98082
3.18552
3.0843
2.88905
2.713
2.99065
3.09635
3.17623
3.05324
3.10859
3.16258
2.97743
2.96493
3.20094
2.93795
3.07352
2.81879
3.25713
2.9665
3.22591
2.78416
3.26194
3.08651
3.08706
3.24987
2.85347
3.05656
2.83549
2.97191
3.10782
2.92019
3.1393
2.79613
3.11811
2.71741
3.04723
3.22741
3.22446
2.97572
3.03035
3.1639
2.78974
2.77326
3.23952
3.04392
3.07149
3.24226
2.96687
3.08894
3.22943
3.04854
3.20715
2.93052
2.76028
3.05682
2.86243
3.19356
3.10337
2.85765
2.79188
2.82133
3.10744
3.28187
2.91375
2.74989
3.06726
2.73772
2.79311
2.7203
2.97777
3.10718
2.97211
3.29636
2.76379
3.18066
3.28212
2.79197
2.9047
3.07902
3.09364
3.24513
2.84711
2.90336
2.84708
3.26561
3.03206
3.08743
3.09879
3.10596
2.96515
3.11985
3.02578
2.79076
2.80829
2.85188
3.00665
3.07149
2.72809
2.89485
2.76016
3.20215
2.79027
2.70968
2.98936
2.85508
2.95108
3.07452
2.87516
2.8058
3.07385
2.95209
2.91744
2.89848
3.01017
2.97525
3.2873
2.76614
2.77406
2.88831
3.24268
2.96334
2.95238
2.74441
3.23964
2.7153
2.91818
3.17576
2.83199
3.05153
2.99452
3.14447
2.91969
2.80534
2.72295
2.73599
3.21587
3.27005
3.09517
3.13265
3.22044
3.20661
3.27063
3.11734
2.79671
3.21846
3.02846
2.79375
3.15707
3.25073
2.87766
2.73724
3.19042
2.73425
3.23786
2.75735
2.85001
3.10864
2.74858
3.17422
2.84261
3.20151
2.88855
3.16018
3.03976
2.83369
2.93944
3.27001
3.27047
3.24929
2.77353
3.15868
3.08855
3.29635
2.71716
2.99191
3.20415
3.20014
3.02945
3.23888
3.14299
2.94058
2.88527
2.82522
3.03183
3.00429
3.22286
2.84176
3.12957
3.23683
3.1246
3.05617
2.85465
3.07282
2.82975
3.29966
2.99231
2.74266
3.2093
2.75183
2.76353
3.24654
2.94677
3.03374
2.96327
3.15203
3.06491
3.02056
3.20123
2.88784
3.02718
2.92468
3.05472
3.18497
3.04174
3.21118
2.72376
2.77504
3.23717
3.15287
3.0675
3.18947
3.08435
2.80543
3.07412
3.22711
2.81893
2.85249
2.9205
2.74431
3.0672
2.73766
2.83601
2.9899
3.1139
3.05368
2.71488
3.28697
2.88205
3.16202
3.11667
2.85028
2.81006
3.10663
2.78932
2.79528
3.14644
3.03775
2.98403
3.10104
3.23799
3.29983
3.13574
3.27828
2.93335
3.24232
2.74413
2.95595
3.15298
2.9565
3.15684
2.77462
2.95214
2.88225
2.92285
3.28064
2.82794
3.2717
3.03427
3.09811
2.96899
3.08689
3.02346
3.18107
2.98432
3.10504
3.14492
3.10028
2.84659
2.95681
3.0677
2.88392
3.10511
3.00845
2.87708
3.06443
3.09364
2.8539
2.83948
2.92725
3.18394
2.89929
3.28005
2.87836
2.90773
3.04193
2.89964
3.20599
3.26455
3.15605
2.7233
3.19136
3.13725
2.81351
2.8452
2.99761
3.04777
2.88299
2.84265
3.09349
2.88881
3.21952
3.18467
3.01984
2.96502
2.75552
3.14653
3.02558
3.23568
2.86303
3.17226
3.18996
2.73696
2.77252
3.06436
3.11359
3.10586
2.86381
2.94769
2.9746
2.79094
3.03356
3.01827
3.02778
2.91164
2.92562
3.11327
3.15021
3.04849
3.12407
3.28119
3.16908
3.19301
3.13922
2.74714
2.77365
3.03215
3.05736
2.84105
2.90272
3.07515
3.0711
3.15534
3.1583
2.83992
2.87863
3.06084
3.22892
2.89141
2.92971
3.22335
2.92537
3.20718
2.88303
2.93715
2.95673
3.01632
3.10839
2.72357
3.02424
2.86039
2.87435
3.24877
2.89934
2.7202
3.09988
2.89016
3.25447
2.84466
2.96056
3.21833
2.80033
2.89095
2.95215
2.70118
3.12159
2.96204
2.70038
2.95856
2.96497
2.81564
2.94334
3.15427
2.83854
3.10947
3.05161
2.88968
3.02825
2.86376
3.12134
2.8285
2.97324
2.89923
3.26312
2.73994
3.16811
2.90365
2.74915
3.20344
2.9323
2.89038
3.22321
3.14888
3.17935
2.72991
2.88711
2.99642
3.25814
3.283
2.90566
3.28571
3.04097
3.02607
2.98031
3.27005
3.24708
3.1374
2.71646
3.06151
3.28397
3.12495
2.95238
2.95189
2.7845
3.04027
2.88679
3.03806
2.71439
2.74011
3.29506
3.05463
3.00195
3.17392
2.87818
2.86556
2.86238
2.94848
3.28748
2.83038
3.10232
2.82049
2.80167
2.94729
3.07455
2.78863
3.14324
3.23
2.83658
2.90817
2.70357
3.24886
3.03054
2.97575
3.07817
3.05073
3.19852
2.78436
2.88149
2.9381
2.7049
3.01615
3.21903
2.72755
3.23536
3.16888
3.21534
3.23496
3.29123
3.20241
2.74951
2.87081
3.21006
2.7439
3.12176
2.72943
2.75204
3.13583
3.26825
3.02237
3.09939
2.87275
3.03497
3.00775
2.91318
2.80148
2.9464
3.18
2.80935
2.84245
3.10403
3.04076
3.23549
3.04449
3.12917
3.13093
2.97752
2.89348
3.0443
2.91599
2.84271
2.77643
3.02766
2.73413
2.84049
3.08975
3.05759
2.97783
3.21032
2.8358
3.0161
2.79975
2.88518
3.08957
3.28718
3.09402
3.20439
3.24778
3.01927
2.97772
3.24179
2.78064
3.0647
3.06413
3.13119
3.20993
3.2018
2.76681
3.18924
3.28365
2.84688
3.10995
3.04664
3.09773
2.88278
3.18678
3.16205
3.22907
2.80998
2.85563
2.75828
2.88043
2.72771
3.21408
3.17023
3.12544
3.17485
3.20348
2.80049
3.12752
2.86781
2.72791
3.23058
2.86559
2.95475
2.89114
2.8044
2.86869
3.03262
2.86824
3.11238
3.02827
3.22349
2.97619
2.86667
2.73159
3.25154
2.74276
2.84397
3.1112
2.81893
3.00019
2.77052
2.99623
2.79245
2.94499
3.043
2.93812
3.03009
2.97719
2.95393
2.79612
2.92801
3.11636
3.1651
3.02076
2.98743
2.789
2.9245
2.72116
3.08644
3.18643
3.17056
3.05896
3.27005
3.0047
2.73507
2.80698
3.01317
2.97106
2.97176
2.84911
2.74172
3.02047
3.07652
3.18283
2.76818
2.99279
2.78252
3.14899
3.17048
3.23349
2.75449
3.13129
2.88736
2.87501
3.11656
2.80187
2.99152
2.84912
2.86868
2.73672
2.9324
2.92446
2.76663
2.96434
3.14436
3.23849
3.07349
2.99176
3.16685
2.81327
2.94556
2.9063
3.01736
2.97015
3.05635
3.2146
2.90477
3.27101
2.77118
3.10903
3.25284
2.80153
3.0714
2.89511
2.86114
2.95783
2.7055
2.75546
2.98712
2.81518
3.07244
3.22699
2.7821
2.82717
3.06182
3.21161
3.15482
3.06244
3.13141
2.9571
2.8826
2.99129
3.16442
2.76457
3.05096
2.85121
2.81216
3.29514
3.13111
2.97602
2.92339
3.1033
2.71737
2.98941
3.26645
3.07684
3.00654
3.10209
3.08203
3.06121
3.07551
3.2829
2.7755
2.90408
2.74056
3.18941
3.18366
3.15257
2.84187
3.0306
3.24763
2.98632
2.85061
3.26832
2.71068
3.01674
3.10557
2.88095
2.95108
3.18508
2.76189
3.13233
2.88888
3.27721
3.26773
2.88375
2.85729
3.03988
3.07023
2.74678
3.14346
2.86301
3.01635
3.20486
3.08964
3.21846
3.05829
3.02816
2.70235
3.14181
2.78777
2.74548
2.91362
2.93227
3.02045
3.15398
2.85381
3.05693
2.82628
2.70102
3.2273
2.7837
3.12406
3.25314
3.01204
2.77845
3.07212
2.88073
2.93631
3.17272
3.02013
2.81995
2.80403
2.82815
3.28858
2.99255
2.90658
3.02327
3.19947
2.77613
3.03796
3.17906
2.91665
3.04022
2.87478
2.8777
2.87117
2.8963
3.0827
3.07399
2.9945
2.92171
2.73958
3.06644
3.25212
3.24891
3.06431
3.07978
3.11574
2.94456
2.92388
3.1192
2.76539
3.11332
2.94851
2.95703
3.02375
3.07625
2.80407
3.09363
3.15442
3.22792
3.02377
3.02775
2.97414
3.12913
3.13081
2.74606
3.29584
2.98388
3.02688
2.82334
2.89205
2.90517
2.8381
2.84525
3.07056
3.23547
2.76541
2.70736
2.81825
3.25807
3.07303
3.04128
3.03539
2.90626
2.72231
2.76704
3.29707
3.12753
3.27783
3.19342
3.0298
2.79255
3.00381
3.07236
2.8151
2.80055
3.02196
3.03019
2.80809
2.97636
3.23559
2.99398
2.88849
2.73521
3.14876
2.88046
2.77016
3.00307
2.72812
3.02492
2.88221
3.27167
3.03963
2.95692
2.99817
2.97633
3.01725
2.76251
3.137
2.76217
3.28489
2.84139
2.77051
3.23862
2.8564
3.16128
3.29961
3.17749
2.86772
2.75799
3.20307
2.97292
3.065
2.77088
3.22233
3.18879
3.20195
2.87345
3.08119
3.08071
3.25753
3.06542
3.00255
2.76892
2.89586
2.89253
3.03029
2.73211
2.72548
2.8635
2.96981
2.96587
2.80178
2.73351
2.83066
2.89817
2.84748
2.78651
2.74024
2.86112
3.156
3.20119
3.01997
2.89434
2.88908
3.29947
2.95309
3.0736
2.82024
2.86137
2.85726
3.15831
3.02052
3.1025
2.9607
2.87972
2.92436
2.97737
3.04993
3.2016
3.06567
3.06148
2.77352
2.93339
3.02049
3.2274
3.22315
2.84696
3.08948
3.02434
2.90175
3.29872
2.93763
3.02121
2.94544
3.21779
2.73199
3.23062
3.26381
2.90617
2.89377
2.86556
2.90975
3.07912
2.71884
2.92393
3.03037
3.18563
3.00823
3.10435
3.02606
3.29346
2.82986
3.07312
2.88133
3.10194
2.78038
3.03663
3.24431
3.25626
3.08539
3.20848
3.23026
2.87762
3.09116
2.89584
3.03995
3.15416
2.90123
2.80931
2.99832
3.24539
3.04434
2.77699
2.90283
3.17072
2.72771
3.28303
3.17523
3.1982
3.00296
2.98486
3.17801
3.25665
3.15138
2.86711
2.92687
2.93269
2.96443
2.7398
2.91056
2.76229
3.07309
2.83941
2.88604
2.8964
3.12937
2.86929
3.2403
3.07731
3.29394
2.93102
2.89525
3.27309
2.98414
3.04207
3.02595
3.04471
3.21339
3.10763
3.25131
2.78245
2.85215
2.93184
3.00446
2.84239
3.2388
3.20404
2.95595
3.19535
3.15786
3.29534
3.14969
2.88567
3.17761
3.2119
2.85286
3.22442
3.04977
2.76615
3.07504
3.07412
3.10071
2.97682
2.91353
3.1271
3.19248
2.96587
3.03159
3.16753
3.15021
3.01165
3.21331
2.99049
2.88958
2.76893
3.13666
3.29034
2.95679
3.20449
3.05092
3.03221
2.80574
2.98461
3.26067
3.14784
3.12032
2.90326
3.21857
3.18092
3.03224
3.24674
2.73393
2.98373
3.02964
2.9643
2.78139
2.92393
3.06778
2.99772
3.06585
2.92433
3.04849
2.96574
3.08189
2.92289
2.81528
3.02456
2.85922
2.73786
3.03334
2.97278
2.91255
3.18157
2.79221
3.29432
2.83617
2.91626
3.23933
2.71731
3.0759
3.27314
3.12093
2.7531
3.27848
2.75869
2.73901
3.16076
3.1011
2.78145
2.84886
2.93561
3.07831
3.2636
3.19003
3.1394
2.90324
3.21112
2.90112
3.2346
3.06672
3.03664
3.10235
3.12573
2.8872
2.87028
3.2173
2.72847
3.0698
2.91271
2.79128
3.09637
2.71388
2.93726
3.18803
2.87097
2.88972
2.92838
3.13348
2.87142
2.81055
2.76403
3.27171
2.84153
2.88743
2.74129
3.07624
2.95072
3.04588
3.28535
2.84269
2.93212
3.22921
3.15594
3.08593
2.7878
2.80373
2.99761
2.94042
2.89381
2.83654
2.82577
3.00783
2.78332
3.29834
2.88296
3.07401
3.05617
3.26899
3.23788
2.82797
3.07825
2.93217
2.98441
3.01747
2.99781
2.89759
3
2.88596
2.74286
2.9597
2.83166
3.09596
2.90766
2.95892
2.93931
3.03917
2.97132
3.01901
3.21205
2.81613
2.92545
2.85107
3.04237
2.78945
3.17366
2.9545
3.21864
2.94374
2.93544
2.99556
3.09131
2.73935
3.00627
2.94906
2.87144
2.78706
3.28771
3.12695
2.93959
2.94778
2.98896
2.97916
3.01303
3.25482
3.24948
3.01857
3.01755
3.01965
3.02832
2.7668
2.9274
2.7776
2.75537
2.83508
2.83414
2.77583
2.84847
2.72352
3.25457
3.13452
3.17697
2.89722
3.08844
3.20033
3.04805
3.21389
3.09748
3.05613
2.92785
2.99085
2.96677
2.73911
3.08018
2.83283
3.12341
2.91674
3.28255
2.76002
3.13401
2.79057
2.75337
3.10773
2.97771
3.28979
3.17134
3.09093
3.24974
3.2135
2.92915
3.06236
3.0636
2.92984
2.94101
3.10057
2.73135
3.29749
2.99979
3.28352
3.14113
3.0749
2.73084
3.07433
3.04422
2.99216
3.09388
2.86795
2.75198
2.99524
3.10174
3.17484
2.98169
2.98574
2.74065
3.10937
2.78501
2.82076
3.17572
2.96452
2.79248
3.08142
2.90588
3.17594
3.18946
2.8107
2.8094
3.0676
3.0783
3.04223
2.71716
2.82659
2.8294
2.92715
2.84702
3.0102
3.0843
3.04763
2.85064
3.08145
3.16409
2.98252
2.91605
3.12821
3.15748
3.1483
2.9807
3.19882
2.82382
3.04375
2.70702
3.24279
2.7888
2.70127
3.10631
2.86176
3.17622
3.19542
3.0687
3.20331
2.76804
2.95863
3.26567
3.17138
3.02314
3.17168
3.18224
3.07257
3.24765
2.95488
3.14646
2.8389
3.24107
2.80354
3.25482
2.78667
2.83684
3.28711
2.88694
3.05822
3.0352
3.14217
3.16503
3.12404
2.71408
2.79379
3.26953
2.8961
3.11621
2.97326
3.17437
3.01203
3.19892
2.87774
3.00192
3.10913
2.98206
2.92822
2.95732
3.08207
2.71458
3.29884
3.01301
3.26732
3.14101
3.28553
3.03844
3.14639
2.86714
2.82248
2.9503
3.06372
2.99006
2.81104
3.20528
3.23636
2.94134
2.96294
2.96552
3.29206
2.76409
2.98605
3.13106
2.98205
3.11214
2.81211
2.82925
2.80614
2.75288
2.76665
3.08577
3.02446
2.8468
3.04496
2.89356
3.09952
2.76033
2.9301
2.85544
2.92573
2.87462
2.76508
2.74188
2.71903
2.77886
3.12173
3.29967
3.29107
2.78903
3.18308
2.87544
2.88164
2.74236
2.92457
3.03947
2.81782
3.13396
2.75788
2.87892
2.92844
3.26212
2.82543
3.02965
3.19502
2.893
2.77745
2.94908
2.77235
2.9775
3.13291
2.72313
2.8722
3.16928
2.85553
2.87411
3.18491
2.97021
2.80439
3.13324
2.78816
2.95288
3.18844
2.91363
2.77189
2.7598
2.9329
2.93021
3.11793
2.76714
2.73326
2.8035
3.17778
3.01624
2.88217
3.10157
2.95599
3.15619
2.82415
3.11694
3.22521
3.026
3.24916
3.02353
2.88849
3.26064
2.82961
2.91161
2.84901
3.04969
3.15103
3.19535
2.99483
3.28144
2.78926
2.70936
3.03576
2.99733
3.2066
3.2018
2.78845
2.80339
2.79528
3.24353
2.88417
2.86013
2.90056
3.0702
2.96152
2.86122
3.01568
3.229
3.07014
3.255
2.96587
2.95061
2.94964
2.83236
2.74173
3.28548
3.19185
3.10154
3.03355
3.05098
2.81609
2.75792
2.79633
2.87263
2.96451
3.16617
3.05872
2.94045
2.94346
2.88316
2.92997
2.82012
3.29475
3.02937
2.71367
2.98162
2.87218
3.26584
3.12308
3.09695
3.16778
3.02751
2.90124
3.07565
2.85822
2.89081
2.76064
3.18976
3.03097
2.85675
2.81074
3.05531
2.74118
2.70246
2.90333
3.238
2.76752
3.11234
3.03127
3.27988
3.02937
2.96736
3.1405
3.00849
3.04307
3.11209
3.12861
2.9858
3.07462
2.91825
2.97418
2.84937
3.29771
3.14644
3.09869
3.10476
3.13493
3.03887
2.99189
2.83864
2.76918
2.94089
2.85914
3.2282
3.28943
3.20126
3.05196
2.92332
3.05825
3.0239
2.9867
3.1438
3.06585
3.03357
3.10344
3.03509
2.72048
3.2489
2.87333
3.16806
3.00258
2.96442
2.79316
2.82319
2.76345
2.89429
3.23795
3.23305
3.13207
2.94016
2.7557
3.05452
3.05578
2.8455
3.12492
3.24602
3.12769
2.76627
3.16036
2.86668
2.70967
3.10268
2.97305
3.2978
2.70568
2.86295
2.75947
3.02084
2.87268
3.03889
3.21146
3.01005
3.17423
2.83806
3.11624
3.03403
3.03254
2.88371
3.20188
2.87248
3.04887
3.20899
2.81777
3.16563
2.99141
3.15744
3.0664
3.05759
2.92852
2.97173
3.00484
2.83771
3.13026
2.94192
3.13196
3.14233
2.98385
2.90771
3.27483
2.83114
2.99944
3.17659
2.95067
2.83659
3.25644
3.19284
3.10116
3.28841
2.75485
2.85308
2.79232
3.0471
2.89934
3.10693
3.10452
3.15025
3.29246
2.94417
2.89501
2.88467
3.17941
2.81723
3.12095
2.77138
3.10046
3.12577
2.71341
3.16382
3.06635
3.11862
3.17217
3.29448
3.07537
2.79862
3.18186
2.78492
3.23626
3.10784
2.70199
3.15669
2.90245
2.9774
3.04941
3.05081
3.18049
3.11579
2.9376
3.16381
3.19803
2.82772
2.81529
3.27903
3.11141
3.17742
2.78768
3.17592
2.91302
2.94929
3.22336
2.85062
3.07477
2.91187
2.89774
2.95827
2.9785
2.92965
3.07666
3.10701
2.92837
3.13038
3.01853
3.07421
3.23387
3.12668
3.0721
2.92995
3.24543
3.08937
2.75599
2.796
2.88046
2.83316
2.78998
2.8416
3.09749
2.8311
2.92902
2.85869
2.97356
3.25929
3.00058
3.22701
3.13171
2.75292
2.82065
3.26023
2.92003
2.97982
2.97229
3.00015
2.75759
2.78663
3.28643
2.8546
3.06021
2.75422
2.99395
3.0203
3.11309
2.96198
3.11829
3.00262
3.12719
3.28791
2.84012
3.02802
2.73518
2.7237
2.99468
3.20043
2.99097
3.15762
2.86472
3.08454
2.719
2.83414
2.92246
2.97195
2.90701
2.8959
3.11578
3.02874
2.83822
2.92893
3.12587
3.13043
3.15137
2.70929
2.98875
2.81723
3.08945
2.98246
3.03752
2.91865
2.74226
3.00429
2.89212
3.21205
2.85365
3.0566
2.7902
3.21288
2.99958
2.80915
3.01332
2.91857
3.14171
3.02906
2.96683
2.9983
3.13963
3.19333
2.92306
3.0909
3.08484
2.98705
2.87216
3.02334
2.86841
2.90806
2.94568
2.98408
3.16608
3.07896
2.96196
2.95556
2.83623
2.77658
3.21111
3.12608
3.27038
3.06863
3.08112
2.89856
3.03133
2.87862
3.10964
3.12813
2.70066
3.03976
3.2318
3.10033
2.8891
2.93105
2.86508
3.18969
2.85743
3.19001
2.81065
2.88247
2.81413
3.16362
2.75615
3.04242
2.90945
3.27977
2.99133
2.92636
2.78648
3.20609
2.789
3.18819
2.73075
3.12476
3.24487
2.83986
2.99462
3.02713
3.17393
3.29267
3.2693
2.87672
3.07885
2.83748
2.91477
3.24374
3.03967
3.01465
3.16953
2.97038
3.2935
2.79079
3.20422
3.24188
3.18144
2.99932
3.08495
2.80858
2.91127
2.97037
2.90597
2.76533
2.83268
2.99826
3.15685
2.70394
2.92366
2.92232
3.21669
3.02068
3.20102
3.24995
2.8934
3.00993
3.00122
3.12368
3.09974
2.89462
2.93803
3.14153
2.99743
3.09679
2.92012
3.02388
2.90474
3.2677
2.70597
2.74494
3.10014
2.96606
3.10485
3.00306
3.22912
3.10418
3.00364
2.88392
2.8277
3.29142
3.08907
3.04515
2.73007
2.96655
2.77108
2.95389
2.97771
2.92477
3.12992
2.75106
3.0218
2.86692
3.03427
2.73314
2.93599
3.12355
3.00182
2.8787
3.28007
2.9123
3.23514
2.87996
3.03751
3.11981
3.15316
3.2238
2.83078
2.83677
2.97714
3.2443
3.11294
3.02349
2.88447
2.99867
3.13442
3.15446
2.97753
2.97878
2.93975
3.1737
2.8749
3.14485
2.92753
3.28426
3.22177
2.97371
2.73958
2.90564
2.94983
2.98196
2.9262
2.82164
2.96866
3.00735
3.0029
2.86302
2.95686
3.27052
3.04326
2.86802
2.94194
3.26365
3.23986
3.03242
2.73994
2.83514
2.79565
2.92921
3.26508
3.15502
2.87073
3.03055
3.22508
2.93816
2.83519
2.82663
2.92222
2.96298
3.00423
3.05189
3.23935
2.83581
2.80438
3.24629
2.95457
3.02883
3.10569
3.16063
2.92847
3.00921
3.03037
3.0785
2.79027
3.0323
3.04034
3.17039
2.93392
3.10307
3.08105
3.21583
2.90389
2.70062
3.09937
2.82184
3.05939
3.26867
2.78101
2.7978
3.16495
2.94634
2.79367
2.73046
3.0423
2.96722
2.80754
2.73066
2.82748
2.98407
3.23174
3.04464
3.18559
3.13864
2.96545
2.77854
2.74257
3.29647
2.94817
3.14915
3.21419
3.12488
3.12477
2.80814
3.02789
3.20618
2.76231
2.82346
2.82133
3.11658
3.21275
2.89391
2.86982
2.9335
3.19299
3.19768
3.2987
3.29324
2.87861
2.78443
2.95696
3.09302
2.83851
2.8788
3.05207
2.71367
2.86573
2.8568
3.00082
2.85277
2.90843
3.18201
3.1827
3.1248
2.88612
3.17464
2.7542
2.72918
3.22658
2.76998
3.28776
2.92134
3.21666
3.14731
3.13629
2.9451
2.85183
2.74713
2.78208
2.92658
3.27002
2.89103
2.71891
2.86213
3.19857
2.74117
3.12533
2.92625
3.15891
3.09487
2.73331
2.91455
3.24055
2.71731
2.96821
3.23873
3.01472
2.86244
2.70216
2.98788
2.94587
3.21827
3.08864
2.85009
2.80546
2.72862
3.13457
2.84045
2.97722
3.013
2.70271
3.15931
2.71378
2.86765
2.8651
2.87336
3.03768
2.95807
2.89948
2.94131
3.02636
3.26434
2.85515
3.0521
3.2695
3.06105
2.91908
3.17542
2.81677
2.89491
3.12094
3.19063
2.79808
3.03916
3.26573
2.95003
2.75024
3.1471
3.07717
3.21435
3.15505
3.13482
2.95049
2.81035
2.89204
2.90037
2.87043
3.16186
3.13052
2.91117
2.80742
2.93128
2.82435
2.95907
3.06824
2.8271
2.80222
2.98234
2.90235
3.18924
2.85338
3.01421
2.79454
3.24716
3.21045
2.868
3.10539
3.00601
2.87772
3.01611
3.23519
2.83933
2.74354
3.20154
3.15817
2.72395
2.92345
2.93455
2.7951
3.07654
3.19709
3.22011
3.23411
3.22116
3.12101
3.15491
2.92098
3.1208
2.712
2.85056
3.25126
2.96126
2.87294
3.05464
2.83653
2.82409
3.17167
2.97333
2.89241
3.13761
3.04104
2.79834
3.13179
2.76933
2.93281
2.84938
2.81814
2.7924
2.85261
2.99468
2.83372
2.95579
3.06314
3.08738
3.1403
2.79059
3.04304
3.2181
2.93277
3.12936
3.07536
3.18754
3.17119
2.99247
2.90656
2.8301
2.81228
3.15383
2.77769
3.28381
3.12483
3.01614
3.21937
3.00803
2.91377
2.97696
2.9374
2.96283
3.2585
2.88905
2.98152
2.75511
2.98539
2.96333
2.78723
2.9412
2.97696
3.22614
3.23116
2.84719
2.70819
2.77316
2.73511
2.73944
3.18625
2.9372
2.9652
2.76601
3.16641
2.84489
2.94395
3.13696
3.18422
2.72489
3.01629
2.7327
2.90076
2.93724
3.23018
3.12814
3.29409
3.12371
3.05463
3.0995
2.80177
3.0521
3.27325
3.16288
3.20418
3.04387
3.07765
3.25558
2.99584
2.95003
3.05866
2.79211
3.19156
2.74944
3.11791
2.92664
3.05392
2.79645
3.27942
2.94938
3.19026
2.74574
3.06195
3.19867
2.79053
3.03402
3.27785
2.97877
2.97494
3.09928
2.70291
3.24465
2.81802
2.96135
3.05378
2.93152
2.83291
2.97991
3.20143
2.92004
2.87999
2.70131
3.21457
2.86115
2.98711
2.9092
2.73098
3.19575
2.97712
3.0328
2.98427
3.14456
3.29948
3.25952
2.75291
3.00789
2.83845
3.23093
2.8079
3.10482
3.08507
2.99636
2.80573
3.04462
3.21725
2.82967
2.85741
3.10516
3.25806
3.29765
3.0219
3.10552
2.73073
2.99757
2.91086
3.22031
3.28462
2.73734
3.06255
3.02314
2.94047
3.1504
2.9031
3.1702
2.98796
3.05334
2.98913
2.77482
3.20251
3.07294
3.04844
3.11141
3.09948
2.83467
3.075
2.85104
3.09704
3.12417
3.23015
3.23374
2.76497
3.06627
2.80006
3.24548
3.00637
2.97834
2.85024
2.82431
3.04772
3.28172
3.12066
3.07778
2.96059
2.77079
3.1009
2.74022
3.02944
3.2665
3.02259
2.95383
3.16216
2.8799
3.11727
3.05142
2.79778
3.288
2.93681
3.05336
3.29067
2.9453
3.14535
2.88737
2.75358
3.20229
2.91174
2.90128
3.19967
3.28587
2.82803
3.25605
3.01509
2.93586
3.19502
2.91699
2.90695
3.12582
2.79345
3.20604
2.78065
2.90917
2.94867
3.0183
3.28302
3.20126
2.98326
3.24682
2.72504
3.09537
2.86904
3.01304
2.88809
3.24591
3.04722
2.79828
2.98337
2.81757
2.85783
3.287
2.80468
2.86202
2.71689
3.13163
2.8468
3.28939
2.96172
2.99278
3.05045
3.26126
3.20899
2.77908
3.08375
2.83197
2.77474
2.98413
2.93968
2.77486
2.79405
2.96319
3.1378
3.06183
3.1784
3.13277
2.88068
2.90557
3.09623
3.00597
2.72992
3.26251
2.82896
2.72884
3.10298
3.02354
2.9169
2.9195
3.25203
2.91166
3.26117
3.01802
2.80524
3.26386
2.86284
3.21441
3.10797
3.01865
3.20263
3.26791
2.84366
3.14509
2.94737
3.07701
3.23013
3.23879
3.12652
3.0353
2.96049
2.95194
2.89031
2.77277
3.23011
2.8062
2.90639
2.72347
3.0872
2.99263
2.8754
3.21663
2.76224
3.15957
2.84246
2.93371
3.26112
2.70893
3.10985
2.70304
2.81421
2.79234
2.98681
3.22675
3.00222
2.9794
2.80354
2.85559
2.93924
2.7759
2.78575
2.71846
2.90026
3.01788
3.13993
2.91229
3.00252
2.9155
3.01169
3.25651
2.87167
2.93286
2.96936
3.18576
3.06307
3.10899
2.79302
3.0474
2.90837
2.8899
2.93396
3.21511
3.04048
3.12307
3.01614
2.87672
3.00452
3.07137
2.90337
3.24985
2.91375
2.7351
3.02673
3.12269
2.92507
2.90079
2.89977
3.04479
2.99346
3.13927
2.8812
3.14041
3.24917
3.03058
3.15967
3.05455
2.88563
3.03539
2.94402
3.23803
3.04032
2.8683
2.96729
3.02023
2.8189
2.86549
2.84372
2.93664
3.0547
3.05588
2.88582
3.19569
3.22749
2.70547
2.75854
3.0828
3.07687
3.25113
2.78772
3.04836
3.20103
3.00246
2.91444
2.88397
2.9738
3.0839
3.28953
2.81123
2.73619
2.90352
3.0194
2.74498
3.12833
3.29907
3.22217
2.72953
3.1944
2.75223
3.14887
2.92803
3.17497
2.99789
3.0349
2.84982
3.20124
2.89593
2.92951
3.14821
2.97108
2.95982
2.70147
3.0093
3.08571
2.77125
2.98647
3.06024
2.90411
3.0558
3.17312
3.06657
2.86978
3.29574
3.29561
2.95126
3.22139
2.91478
3.09067
2.98064
2.86207
2.73635
2.76077
3.16812
2.90223
2.95788
2.84815
3.04311
3.28883
3.1856
3.24983
3.23435
3.06674
2.78974
3.05382
3.24546
2.86982
3.19169
2.92351
2.87168
3.01095
2.99608
2.96667
2.7339
3.19762
2.7436
2.97511
2.81102
3.03973
3.12062
3.01548
3.12692
3.00693
2.75117
2.72666
3.00437
2.78949
2.95817
2.90674
3.20695
3.12504
3.18471
2.98338
3.06103
2.92248
2.84721
3.13205
3.07992
3.13003
3.22077
3.27843
3.2718
3.05879
2.80697
3.1349
3.15184
2.84863
3.12962
3.28733
3.10814
2.90459
2.81932
2.85667
2.77407
2.84915
3.07899
2.93085
2.79445
3.22369
2.88067
2.82242
3.27644
3.03531
3.07976
3.13482
2.91924
3.291
3.09621
2.86705
3.06453
3.18381
2.74594
3.2319
3.17286
3.23986
3.21154
2.8904
2.73683
3.28049
2.84871
2.89136
3.21718
2.98718
3.08537
3.11141
2.82793
2.7289
3.03466
2.93295
2.74461
2.98306
2.94885
2.9467
2.8596
3.24047
2.96312
2.74882
2.85151
2.97878
3.1934
3.04508
2.72995
2.9813
3.11113
2.94986
2.98303
2.72428
3.1897
2.87635
3.25535
2.73096
2.85282
2.76081
3.19701
2.91017
2.94885
3.15803
2.87694
2.80221
2.98805
2.88484
2.81945
3.28927
3.25292
2.70756
2.86029
3.1896
2.70963
3.2611
3.0318
3.18928
2.78156
3.23141
2.93288
3.157
2.78083
3.09276
2.82795
2.74073
2.8281
2.92697
2.92385
2.79644
2.90372
2.81571
3.13988
3.06994
2.88582
3.04865
2.99686
2.79557
3.00523
2.98242
3.28432
2.74188
2.7048
3.26739
2.87658
2.75684
3.23267
3.22482
2.71673
2.86314
3.06456
2.96661
2.91576
2.8744
3.05292
2.75037
3.09253
2.93429
2.87198
2.72785
2.73299
2.91137
2.83562
2.71061
2.94043
2.97719
3.09283
2.92038
3.02127
2.89833
2.76681
2.80549
2.99733
3.02573
2.85338
2.78493
2.94029
3.13949
2.84939
3.11527
3.12805
3.05475
3.06883
3.02503
3.11735
2.85716
2.79333
3.13957
3.11831
2.92768
2.78931
3.09009
2.83842
2.88864
3.0997
3.1619
3.19187
3.23048
3.13027
3.24726
2.86268
2.77813
2.83436
2.83165
3.1507
2.74736
3.05392
3.07007
3.00549
2.81866
2.81103
2.73129
2.74412
2.87027
3.17971
2.98342
3.20325
3.01295
3.0563
3.23149
2.75378
3.0627
3.21448
2.87619
2.99268
3.09097
2.88745
2.96652
2.74551
3.23696
3.05777
2.88622
2.97807
3.168
2.92792
3.27579
2.83733
3.26799
2.92212
2.75882
3.02031
2.98571
3.13417
2.77399
3.10087
3.04992
3.14204
3.04107
3.03253
3.08902
2.84474
2.90951
3.05348
2.7402
2.73865
3.03026
2.96873
3.20569
2.88558
2.89912
2.99996
3.09959
2.84518
2.98622
3.03675
2.83899
2.93816
2.87295
3.05257
2.93674
3.26341
2.96077
2.73866
2.99478
3.17961
3.20145
3.28437
2.92073
3.2964
2.72794
2.95365
3.20098
3.21349
3.05482
2.90047
3.00671
2.82243
3.01282
2.74652
2.80551
2.86125
3.05181
2.95317
3.22205
2.91401
3.09752
3.13913
3.08826
3.13664
2.95091
2.87616
3.23105
2.79613
3.19927
2.98748
2.83484
2.81328
2.8967
3.08122
2.75693
2.76061
2.73687
3.09244
2.77916
2.77879
3.20831
2.90186
3.11286
2.96112
3.20116
2.72236
2.91589
2.90694
2.79559
3.10978
3.00364
3.09095
2.74467
3.00454
3.15018
2.82851
2.81187
2.96633
3.15247
2.71025
3.05435
3.08319
2.96954
3.02925
3.01674
2.85094
3.25247
3.13281
2.71131
3.07441
2.75087
2.78937
3.29576
2.77226
3.18887
2.92306
3.14153
3.23724
2.75635
3.09274
3.00488
3.27757
2.84354
3.17043
3.1176
3.10201
3.15822
3.19891
3.2234
3.28928
3.2195
2.73054
2.8536
3.22326
3.02494
2.83052
3.27918
3.24485
2.88006
3.11967
3.02337
2.72779
3.02804
3.29869
3.02342
3.19033
2.72336
2.91526
2.83312
2.97499
3.1501
3.12349
2.96108
2.99928
2.89728
3.02588
2.98212
2.81618
2.87807
3.10054
2.79494
3.29156
2.8143
3.06822
2.93814
2.97899
3.07124
2.9155
2.72049
2.96585
3.24355
3.17104
3.074
3.25871
2.77948
2.7756
2.87933
2.81751
2.72226
3.26475
3.05013
2.75939
2.99946
3.02189
3.07476
3.06421
3.08802
2.76171
3.19801
2.70735
2.97092
3.25442
2.95479
2.92635
3.17895
3.21896
2.94213
3.07035
3.18328
2.99826
2.97635
3.01264
2.84742
2.79008
2.89827
2.93323
2.86835
2.98555
2.88952
2.91115
3.13531
3.25524
2.76263
3.02372
3.07361
2.9153
3.01237
3.28477
3.13297
3.11104
2.96042
3.18696
3.2009
2.83446
3.12705
2.83038
2.75145
3.11574
2.99709
2.93879
2.87416
3.13409
3.19956
3.17901
3.0417
2.90811
2.79538
3.02326
3.23291
3.14899
3.12311
2.96419
2.92384
2.97507
2.73491
2.85445
2.82599
2.72362
3.02769
2.78714
2.99108
3.23439
2.85644
3.25646
2.73551
2.99214
2.81366
2.88597
3.08547
2.80433
3.03035
2.88519
2.94083
3.12236
3.16871
3.0084
2.87015
2.74844
3.09534
3.29144
2.96574
3.06542
2.75128
2.82218
3.11882
2.98066
3.10204
3.00592
2.72427
2.84083
2.91792
2.74601
2.70574
3.04774
3.29961
2.89699
3.01752
2.83459
2.96428
3.18456
3.19538
3.21128
2.91549
2.79428
2.98186
2.93751
2.82323
3.03188
3.24085
3.16534
3.11604
3.0759
3.22176
2.93408
3.22915
3.26072
2.85141
2.90057
2.8574
3.03636
3.0547
2.93184
2.8995
3.12513
3.04403
3.08271
2.91222
3.09641
2.76341
2.80063
3.23594
2.84653
3.17159
2.80223
3.21431
2.81326
2.87781
3.07883
3.06099
3.03333
2.92011
3.14031
3.18134
3.24473
2.80378
2.913
3.14346
3.16376
2.83499
2.99894
2.80081
2.83791
2.97173
2.86154
2.84363
3.10741
3.22479
3.1515
3.04148
2.70517
2.7623
3.16296
3.29861
3.1651
2.99023
2.81011
2.76091
2.97975
3.00488
2.7824
3.09967
2.99225
2.9155
2.87253
3.17532
3.1299
2.83302
2.98689
3.07651
3.25019
3.23806
3.17911
3.01697
2.88257
2.73384
2.79069
2.95559
2.99029
2.88873
3.19303
2.94221
3.11652
2.9774
3.08255
2.7613
2.97494
3.04362
2.9432
3.124
2.7042
3.12893
2.71701
3.18438
3.26099
2.84423
2.99771
3.12601
3.21247
3.29885
2.95798
3.16673
2.80887
2.83091
3.06065
3.17697
2.71965
3.12942
2.87738
2.95201
2.80198
2.70464
2.95734
2.93174
3.19054
3.18083
2.70577
3.15039
2.82799
3.2636
3.14398
2.83196
2.8115
3.0681
3.17085
2.98823
3.08513
2.98149
2.93012
2.76797
2.73026
3.0257
3.27747
3.00405
2.8088
2.90342
2.98281
2.98063
2.71625
2.70809
2.85586
2.82886
3.13381
3.20567
2.77213
2.95189
3.17575
2.86502
3.08329
2.93688
3.14501
2.9922
2.82216
2.7485
3.02309
3.26002
2.81542
3.07386
2.77745
3.06815
3.23386
3.16132
3.11781
2.90321
2.87283
3.04406
3.28179
2.73441
2.89089
2.87695
3.14499
2.70614
3.22366
2.79303
2.72247
2.85372
3.03086
3.04821
2.95319
2.90364
3.04805
3.21241
3.02251
2.99321
3.28884
3.06021
3.02593
2.7271
3.12945
2.77253
3.06917
3.24919
2.9564
//widmo amplitudowe sygnalu
 6145.66
 7.61787
 11.8699
 7.5643
 2.29295
 2.84243
 11.3351
 11.2487
 11.9223
 4.85239
 3.65475
 5.22542
 6.42309
 9.11445
 9.08476
 8.1036
 10.7936
 5.5165
 5.43482
 7.84793
 6.52092
 5.32316
 0.517328
 7.20637
 6.5159
 9.4985
 9.25586
 5.49525
 7.54936
 3.616
 10.0351
 5.0418
 11.0354
 5.9512
 8.89175
 4.49527
 6.69648
 18.7665
 9.40636
 9.66031
 6.56784
 1.8012
 6.36944
 4.40007
 7.38528
 10.0939
 5.56924
 9.68557
 4.91908
 3.18293
 9.67006
 2.22278
 4.19226
 10.9324
 5.28097
 8.1546
 5.02418
 5.03528
 6.65471
 4.16414
 6.22199
 9.67318
 7.00368
 2.14475
 3.79628
 4.67201
 3.56098
 5.40989
 5.74297
 2.4323
 4.52667
 0.696364
 7.83504
 8.4761
 9.20164
 1.74761
 7.88948
 9.80532
 14.079
 7.37392
 6.54064
 4.56798
 20.9794
 3.09893
 1.25535
 3.30761
 9.88661
 7.70626
 5.7851
 14.5009
 6.7118
 4.83211
 4.39639
 7.22042
 12.744
 9.43942
 10.2851
 4.51442
 4.01528
 1.85686
 14.4061
 4.31617
 10.4172
 11.5458
 7.3043
 6.29711
 5.1773
 6.71041
 6.32935
 7.02463
 3.7961
 2.17759
 6.4164
 5.53321
 6.36822
 1.75863
 12.3365
 4.089
 4.03928
 7.22645
 5.51815
 14.0177
 6.24266
 6.19333
 6.09885
 5.89429
 7.18775
 7.54629
 19.2565
 8.76945
 5.65581
 9.71295
 6.2196
 8.27887
 7.00648
 4.68537
 9.78775
 7.38526
 0.791109
 9.69144
 6.15951
 11.3301
 2.56888
 6.51971
 8.00915
 2.38061
 3.70135
 3.20304
 7.63235
 8.87195
 5.82326
 6.87358
 3.52438
 11.3805
 4.7277
 12.541
 2.87796
 13.1965
 7.38707
 3.47215
 5.20695
 3.99571
 8.08072
 7.83358
 10.6577
 4.74144
 3.0689
 10.2368
 9.25255
 6.99821
 13.0552
 3.58183
 14.4526
 2.48446
 9.27134
 5.74707
 2.90007
 7.96992
 6.86829
 4.37688
 10.1941
 1.8488
 10.0436
 5.0538
 7.9815
 7.5812
 8.34789
 3.81354
 10.7797
 5.19427
 4.4486
 2.32246
 3.35283
 2.64074
 3.95741
 5.16367
 0.979175
 4.38794
 7.51563
 7.15182
 7.71862
 10.1447
 3.29886
 4.141
 7.60269
 10.7687
 14.4784
 3.62638
 4.17952
 10.1268
 3.72455
 8.86736
 11.4201
 4.44726
 12.8001
 4.05823
 6.35363
 6.35963
 5.04362
 6.03003
 3.25286
 1.25601
 2.75137
 6.95934
 5.21238
 5.26081
 4.44551
 5.90263
 8.12419
 4.69628
 7.84875
 4.71356
 4.25196
 2.46106
 2.64809
 5.51238
 9.8528
 3.54799
 5.3074
 5.19724
 5.22879
 4.99806
 4.59123
 4.35825
 8.9399
 1.03682
 5.9756
 13.6027
 8.19918
 5.27233
 10.4776
 11.6182
 9.07886
 5.76187
 3.48273
 5.13092
 5.73071
 8.38911
 4.98939
 2.04667
 6.16512
 1.26777
 10.9971
 2.72918
 4.30476
 5.36335
 3.98397
 1.87752
 11.3407
 5.34993
 15.5047
 9.4542
 0.973067
 8.87512
 8.94777
 2.92559
 6.277
 6.49841
 4.65592
 1.52353
 7.099
 6.35473
 5.54691
 4.12227
 10.8198
 2.82287
 8.24284
 2.14716
 1.37601
 9.05064
 6.98974
 8.6658
 1.79005
 1.71682
 8.32149
 4.17024
 6.03514
 4.91941
 5.56732
 4.22837
 9.03025
 5.41145
 0.666067
 5.58697
 8.79702
 10.7307
 3.7423
 3.89026
 6.81799
 4.04586
 6.55648
 8.13355
 9.51762
 3.7756
 12.1373
 12.5365
 11.4722
 4.11405
 7.23426
 10.1572
 4.13951
 4.15132
 2.79027
 10.4488
 5.08182
 6.82889
 4.88929
 6.72934
 2.46083
 0.132622
 0.642293
 9.87402
 4.88907
 0.811513
 4.31239
 12.4094
 10.0032
 4.17772
 5.20124
 1.90818
 6.08588
 5.07763
 7.02772
 13.2451
 14.255
 12.3479
 2.34011
 7.54981
 9.52312
 9.75585
 2.34062
 16.1439
 6.88555
 7.85892
 4.30254
 0.852953
 3.14597
 11.5631
 5.37866
 7.17969
 4.12006
 6.41459
 7.1872
 3.64405
 4.30945
 4.80974
 0.608628
 6.12999
 12.8918
 14.6893
 4.96737
 6.13643
 3.20266
 3.0703
 5.35585
 1.17728
 2.46714
 4.06241
 5.30577
 8.22308
 0.782304
 6.86306
 4.27579
 9.64628
 4.70725
 3.87387
 4.01773
 3.57288
 6.14172
 5.87763
 7.04916
 1.19392
 13.8357
 6.6132
 2.46168
 5.13016
 7.90387
 8.20311
 14.0303
 3.03587
 16.3026
 0.997812
 7.26724
 2.54085
 13.0626
 4.01085
 10.7386
 7.05556
 9.00553
 9.70739
 6.19194
 4.6903
 3.99298
 10.7137
 2.69053
 9.85825
 4.75225
 9.70307
 6.95812
 10.6084
 3.26743
 6.10893
 7.78955
 11.5388
 8.19866
 3.48173
 5.78302
 8.19621
 4.24476
 4.39071
 3.88477
 5.0626
 8.17645
 1.99197
 2.07239
 3.53773
 7.04399
 12.3753
 1.77113
 9.21746
 4.1262
 8.50757
 3.89789
 5.87923
 1.82552
 8.30039
 7.73892
 2.02702
 4.9613
 6.72127
 7.72206
 7.12346
 4.81973
 9.98358
 4.78055
 4.35406
 6.71734
 9.6771
 1.86524
 2.67573
 1.21099
 14.0395
 8.84483
 1.52313
 4.97986
 7.44858
 0.135176
 8.25482
 15.4394
 11.8464
 10.5505
 6.01943
 9.28828
 6.99933
 5.62869
 1.48963
 8.70214
 3.98137
 7.55644
 0.922665
 6.38759
 3.23155
 6.15255
 4.69958
 8.11433
 3.05164
 11.3983
 1.26278
 7.57445
 5.18774
 3.56747
 5.41442
 8.04132
 2.75064
 6.10736
 3.2989
 4.71843
 4.14182
 6.66987
 11.4741
 8.08059
 6.60054
 3.94868
 10.8462
 5.46217
 6.55413
 9.90836
 8.17287
 4.22246
 4.48596
 11.1749
 1.52541
 7.0475
 7.35892
 2.20636
 7.12787
 7.75805
 13.9868
 7.17329
 8.15347
 2.94258
 12.355
 9.33122
 3.94351
 5.40264
 8.11132
 8.11134
 9.70399
 3.35387
 6.99693
 8.87005
 9.42296
 0.655818
 7.36175
 2.81746
 13.0444
 2.50658
 3.06457
 9.71736
 2.16252
 11.8255
 2.06455
 9.94686
 11.1434
 0.391203
 11.2024
 5.29252
 11.0364
 9.70886
 3.38357
 14.3054
 6.99266
 1.63032
 3.8823
 7.93777
 10.9662
 10.1632
 4.04443
 5.27392
 8.77448
 2.53273
 6.35136
 1.24791
 9.28461
 7.02827
 4.89699
 6.53718
 5.05316
 6.44919
 11.1566
 5.4873
 4.93165
 5.61215
 4.16556
 5.15046
 1.07846
 2.02241
 9.98506
 9.43518
 8.22677
 3.43844
 7.35859
 3.36271
 1.64124
 5.626
 3.55432
 2.60225
 7.11676
 3.50333
 0.665785
 6.15456
 5.02387
 9.31762
 5.41659
 3.17199
 3.62623
 9.89809
 14.2988
 6.92134
 8.40068
 1.86648
 4.1697
 8.5984
 9.36577
 7.68239
 9.3493
 1.84987
 5.89384
 3.25136
 1.23186
 9.81441
 2.06163
 1.38323
 3.31045
 4.28729
 10.7758
 7.87531
 7.16105
 4.47365
 4.85031
 6.35455
 3.77925
 3.25182
 13.6457
 2.73638
 3.56912
 8.35972
 3.85793
 5.35447
 1.58214
 1.13774
 14.8034
 12.7105
 5.85345
 5.29135
 9.45706
 10.409
 7.84364
 6.32665
 7.16101
 8.66861
 6.16573
 9.48295
 5.97357
 10.705
 7.45926
 6.7643
 12.5048
 10.0724
 6.38931
 6.26448
 5.69984
 7.19468
 7.25601
 12.6856
 2.90697
 2.70466
 8.18441
 7.69981
 6.84296
 8.4953
 4.25835
 10.0399
 8.82133
 12.3785
 3.04896
 4.70179
 3.82805
 14.2399
 2.96584
 3.7972
 5.28014
 3.6477
 5.97281
 9.3403
 9.48448
 4.98741
 4.74069
 7.5125
 10.3217
 4.17376
 9.28888
 15.404
 2.57415
 1.92169
 8.20909
 2.34613
 4.40044
 7.78981
 6.80249
 6.90527
 4.75926
 10.1691
 14.3717
 9.92168
 5.27061
 12.0427
 8.45317
 5.95219
 3.77321
 10.0305
 10.7286
 4.94934
 9.65924
 10.6595
 13.552
 3.43457
 2.40585
 5.20543
 4.0084
 2.21658
 4.63241
 2.12412
 10.7832
 16.0843
 1.8103
 8.3918
 2.33659
 6.8925
 9.9327
 6.51241
 4.84129
 1.29666
 0.762234
 1.63611
 10.9649
 9.64976
 6.65169
 9.95989
 2.45061
 2.05543
 3.22817
 5.05439
 7.67501
 10.1389
 3.73152
 8.571
 6.96813
 6.10205
 8.41213
 3.85158
 9.80521
 10.2177
 6.83706
 3.79863
 9.80946
 10.2293
 4.15006
 12.0702
 9.8012
 1.93677
 3.51093
 2.46847
 1.14908
 2.91101
 1.25464
 6.85284
 2.62258
 2.39355
 7.73472
 6.76061
 2.7469
 7.12554
 7.37208
 4.99301
 7.79386
 4.17169
 3.68306
 3.2986
 3.51587
 10.6723
 10.0798
 9.22238
 10.3123
 4.58833
 4.79333
 10.6656
 0.875309
 5.47121
 7.07897
 1.89186
 3.70512
 6.26183
 12.0824
 9.1011
 6.09712
 8.97391
 6.07616
 7.3214
 8.7024
 4.62902
 7.91277
 5.30206
 7.58727
 6.12161
 10.0309
 10.4735
 4.77511
 6.98351
 9.49591
 8.95195
 9.07625
 2.19388
 3.57306
 6.14016
 4.65959
 6.40982
 8.60071
 5.46172
 13.7933
 1.22719
 4.18305
 4.75774
 3.49442
 5.30666
 5.54401
 4.44296
 4.33893
 3.33378
 6.87273
 10.1951
 8.41193
 12.429
 2.56591
 6.51627
 7.68418
 7.21854
 7.96064
 2.46129
 2.71768
 7.25088
 4.58401
 9.2212
 11.7675
 0.49711
 9.76735
 9.85431
 2.47481
 11.5611
 3.60898
 1.28737
 6.64034
 0.829954
 10.1058
 11.3697
 10.5772
 4.51904
 8.14953
 1.99089
 12.2552
 14.6292
 3.52454
 8.11649
 4.95951
 4.36784
 4.1302
 7.40209
 6.73645
 8.08494
 6.73982
 9.76232
 3.63766
 8.71586
 6.05713
 2.27943
 1.84248
 6.10971
 1.70933
 9.36786
 2.97113
 14.016
 6.03431
 3.21996
 3.46289
 9.18901
 13.5036
 2.98751
 6.9077
 12.8622
 17.3846
 3.78601
 6.70143
 17.6183
 5.14137
 9.99591
 9.19942
 7.84254
 14.5407
 9.15579
 5.49478
 6.27569
 11.3858
 7.45548
 8.77077
 8.97329
 1.585
 10.8978
 8.58118
 7.09304
 2.34806
 7.64852
 12.7417
 11.1122
 8.89569
 7.20112
 12.5925
 12.1991
 2.72422
 5.69824
 3.01156
 6.81666
 2.21608
 6.54213
 8.20223
 13.3309
 7.29665
 3.53847
 6.28981
 11.5776
 8.97495
 9.49746
 5.91485
 6.20302
 3.96273
 9.73253
 12.1634
 4.31306
 3.05732
 4.78908
 6.48321
 4.9625
 5.51865
 9.02841
 1.53105
 6.64822
 2.59295
 13.544
 1.36021
 3.89118
 1.95034
 2.86673
 6.27384
 5.29721
 4.15316
 1.72647
 7.23526
 13.2613
 10.5986
 8.99381
 4.05419
 5.31741
 3.13255
 1.28867
 6.98324
 12.1009
 4.94105
 4.1108
 9.89044
 3.62007
 5.25848
 2.91978
 8.56012
 11.1126
 3.78382
 7.54238
 6.93761
 10.273
 5.61782
 6.26693
 4.76141
 9.15837
 8.03146
 8.11838
 10.5878
 3.06258
 3.27101
 3.08105
 9.15074
 7.54261
 6.03019
 3.19097
 5.80988
 7.14261
 4.80119
 3.54507
 6.00212
 0.766743
 7.3787
 5.80999
 5.23247
 5.54574
 3.38835
 3.19306
 4.97137
 2.44776
 11.0022
 4.23913
 8.16208
 3.05777
 10.1218
 6.15776
 3.76266
 6.16884
 14.2396
 9.07661
 6.66603
 1.3728
 11.0324
 18.1326
 4.30963
 9.70732
 5.96992
 1.91209
 2.12503
 6.37437
 2.67347
 10.303
 8.84977
 3.70394
 6.94994
 5.48779
 8.1079
 4.00793
 4.83013
 7.04541
 4.83013
 4.00793
 8.1079
 5.48779
 6.94994
 3.70394
 8.84977
 10.303
 2.67347
 6.37437
 2.12503
 1.91209
 5.96992
 9.70732
 4.30963
 18.1326
 11.0324
 1.3728
 6.66603
 9.07661
 14.2396
 6.16884
 3.76266
 6.15776
 10.1218
 3.05777
 8.16208
 4.23913
 11.0022
 2.44776
 4.97137
 3.19306
 3.38835
 5.54574
 5.23247
 5.80999
 7.3787
 0.766743
 6.00212
 3.54507
 4.80119
 7.14261
 5.80988
 3.19097
 6.03019
 7.54261
 9.15074
 3.08105
 3.27101
 3.06258
 10.5878
 8.11838
 8.03146
 9.15837
 4.76141
 6.26693
 5.61782
 10.273
 6.93761
 7.54238
 3.78382
 11.1126
 8.56012
 2.91978
 5.25848
 3.62007
 9.89044
 4.1108
 4.94105
 12.1009
 6.98324
 1.28867
 3.13255
 5.31741
 4.05419
 8.99381
 10.5986
 13.2613
 7.23526
 1.72647
 4.15316
 5.29721
 6.27384
 2.86673
 1.95034
 3.89118
 1.36021
 13.544
 2.59295
 6.64822
 1.53105
 9.02841
 5.51865
 4.9625
 6.48321
 4.78908
 3.05732
 4.31306
 12.1634
 9.73253
 3.96273
 6.20302
 5.91485
 9.49746
 8.97495
 11.5776
 6.28981
 3.53847
 7.29665
 13.3309
 8.20223
 6.54213
 2.21608
 6.81666
 3.01156
 5.69824
 2.72422
 12.1991
 12.5925
 7.20112
 8.89569
 11.1122
 12.7417
 7.64852
 2.34806
 7.09304
 8.58118
 10.8978
 1.585
 8.97329
 8.77077
 7.45548
 11.3858
 6.27569
 5.49478
 9.15579
 14.5407
 7.84254
 9.19942
 9.99591
 5.14137
 17.6183
 6.70143
 3.78601
 17.3846
 12.8622
 6.9077
 2.98751
 13.5036
 9.18901
 3.46289
 3.21996
 6.03431
 14.016
 2.97113
 9.36786
 1.70933
 6.10971
 1.84248
 2.27943
 6.05713
 8.71586
 3.63766
 9.76232
 6.73982
 8.08494
 6.73645
 7.40209
 4.1302
 4.36784
 4.95951
 8.11649
 3.52454
 14.6292
 12.2552
 1.99089
 8.14953
 4.51904
 10.5772
 11.3697
 10.1058
 0.829954
 6.64034
 1.28737
 3.60898
 11.5611
 2.47481
 9.85431
 9.76735
 0.49711
 11.7675
 9.2212
 4.58401
 7.25088
 2.71768
 2.46129
 7.96064
 7.21854
 7.68418
 6.51627
 2.56591
 12.429
 8.41193
 10.1951
 6.87273
 3.33378
 4.33893
 4.44296
 5.54401
 5.30666
 3.49442
 4.75774
 4.18305
 1.22719
 13.7933
 5.46172
 8.60071
 6.40982
 4.65959
 6.14016
 3.57306
 2.19388
 9.07625
 8.95195
 9.49591
 6.98351
 4.77511
 10.4735
 10.0309
 6.12161
 7.58727
 5.30206
 7.91277
 4.62902
 8.7024
 7.3214
 6.07616
 8.97391
 6.09712
 9.1011
 12.0824
 6.26183
 3.70512
 1.89186
 7.07897
 5.47121
 0.875309
 10.6656
 4.79333
 4.58833
 10.3123
 9.22238
 10.0798
 10.6723
 3.51587
 3.2986
 3.68306
 4.17169
 7.79386
 4.99301
 7.37208
 7.12554
 2.7469
 6.76061
 7.73472
 2.39355
 2.62258
 6.85284
 1.25464
 2.91101
 1.14908
 2.46847
 3.51093
 1.93677
 9.8012
 12.0702
 4.15006
 10.2293
 9.80946
 3.79863
 6.83706
 10.2177
 9.80521
 3.85158
 8.41213
 6.10205
 6.96813
 8.571
 3.73152
 10.1389
 7.67501
 5.05439
 3.22817
 2.05543
 2.45061
 9.95989
 6.65169
 9.64976
 10.9649
 1.63611
 0.762234
 1.29666
 4.84129
 6.51241
 9.9327
 6.8925
 2.33659
 8.3918
 1.8103
 16.0843
 10.7832
 2.12412
 4.63241
 2.21658
 4.0084
 5.20543
 2.40585
 3.43457
 13.552
 10.6595
 9.65924
 4.94934
 10.7286
 10.0305
 3.77321
 5.95219
 8.45317
 12.0427
 5.27061
 9.92168
 14.3717
 10.1691
 4.75926
 6.90527
 6.80249
 7.78981
 4.40044
 2.34613
 8.20909
 1.92169
 2.57415
 15.404
 9.28888
 4.17376
 10.3217
 7.5125
 4.74069
 4.98741
 9.48448
 9.3403
 5.97281
 3.6477
 5.28014
 3.7972
 2.96584
 14.2399
 3.82805
 4.70179
 3.04896
 12.3785
 8.82133
 10.0399
 4.25835
 8.4953
 6.84296
 7.69981
 8.18441
 2.70466
 2.90697
 12.6856
 7.25601
 7.19468
 5.69984
 6.26448
 6.38931
 10.0724
 12.5048
 6.7643
 7.45926
 10.705
 5.97357
 9.48295
 6.16573
 8.66861
 7.16101
 6.32665
 7.84364
 10.409
 9.45706
 5.29135
 5.85345
 12.7105
 14.8034
 1.13774
 1.58214
 5.35447
 3.85793
 8.35972
 3.56912
 2.73638
 13.6457
 3.25182
 3.77925
 6.35455
 4.85031
 4.47365
 7.16105
 7.87531
 10.7758
 4.28729
 3.31045
 1.38323
 2.06163
 9.81441
 1.23186
 3.25136
 5.89384
 1.84987
 9.3493
 7.68239
 9.36577
 8.5984
 4.1697
 1.86648
 8.40068
 6.92134
 14.2988
 9.89809
 3.62623
 3.17199
 5.41659
 9.31762
 5.02387
 6.15456
 0.665785
 3.50333
 7.11676
 2.60225
 3.55432
 5.626
 1.64124
 3.36271
 7.35859
 3.43844
 8.22677
 9.43518
 9.98506
 2.02241
 1.07846
 5.15046
 4.16556
 5.61215
 4.93165
 5.4873
 11.1566
 6.44919
 5.05316
 6.53718
 4.89699
 7.02827
 9.28461
 1.24791
 6.35136
 2.53273
 8.77448
 5.27392
 4.04443
 10.1632
 10.9662
 7.93777
 3.8823
 1.63032
 6.99266
 14.3054
 3.38357
 9.70886
 11.0364
 5.29252
 11.2024
 0.391203
 11.1434
 9.94686
 2.06455
 11.8255
 2.16252
 9.71736
 3.06457
 2.50658
 13.0444
 2.81746
 7.36175
 0.655818
 9.42296
 8.87005
 6.99693
 3.35387
 9.70399
 8.11134
 8.11132
 5.40264
 3.94351
 9.33122
 12.355
 2.94258
 8.15347
 7.17329
 13.9868
 7.75805
 7.12787
 2.20636
 7.35892
 7.0475
 1.52541
 11.1749
 4.48596
 4.22246
 8.17287
 9.90836
 6.55413
 5.46217
 10.8462
 3.94868
 6.60054
 8.08059
 11.4741
 6.66987
 4.14182
 4.71843
 3.2989
 6.10736
 2.75064
 8.04132
 5.41442
 3.56747
 5.18774
 7.57445
 1.26278
 11.3983
 3.05164
 8.11433
 4.69958
 6.15255
 3.23155
 6.38759
 0.922665
 7.55644
 3.98137
 8.70214
 1.48963
 5.62869
 6.99933
 9.28828
 6.01943
 10.5505
 11.8464
 15.4394
 8.25482
 0.135176
 7.44858
 4.97986
 1.52313
 8.84483
 14.0395
 1.21099
 2.67573
 1.86524
 9.6771
 6.71734
 4.35406
 4.78055
 9.98358
 4.81973
 7.12346
 7.72206
 6.72127
 4.9613
 2.02702
 7.73892
 8.30039
 1.82552
 5.87923
 3.89789
 8.50757
 4.1262
 9.21746
 1.77113
 12.3753
 7.04399
 3.53773
 2.07239
 1.99197
 8.17645
 5.0626
 3.88477
 4.39071
 4.24476
 8.19621
 5.78302
 3.48173
 8.19866
 11.5388
 7.78955
 6.10893
 3.26743
 10.6084
 6.95812
 9.70307
 4.75225
 9.85825
 2.69053
 10.7137
 3.99298
 4.6903
 6.19194
 9.70739
 9.00553
 7.05556
 10.7386
 4.01085
 13.0626
 2.54085
 7.26724
 0.997812
 16.3026
 3.03587
 14.0303
 8.20311
 7.90387
 5.13016
 2.46168
 6.6132
 13.8357
 1.19392
 7.04916
 5.87763
 6.14172
 3.57288
 4.01773
 3.87387
 4.70725
 9.64628
 4.27579
 6.86306
 0.782304
 8.22308
 5.30577
 4.06241
 2.46714
 1.17728
 5.35585
 3.0703
 3.20266
 6.13643
 4.96737
 14.6893
 12.8918
 6.12999
 0.608628
 4.80974
 4.30945
 3.64405
 7.1872
 6.41459
 4.12006
 7.17969
 5.37866
 11.5631
 3.14597
 0.852953
 4.30254
 7.85892
 6.88555
 16.1439
 2.34062
 9.75585
 9.52312
 7.54981
 2.34011
 12.3479
 14.255
 13.2451
 7.02772
 5.07763
 6.08588
 1.90818
 5.20124
 4.17772
 10.0032
 12.4094
 4.31239
 0.811513
 4.88907
 9.87402
 0.642293
 0.132622
 2.46083
 6.72934
 4.88929
 6.82889
 5.08182
 10.4488
 2.79027
 4.15132
 4.13951
 10.1572
 7.23426
 4.11405
 11.4722
 12.5365
 12.1373
 3.7756
 9.51762
 8.13355
 6.55648
 4.04586
 6.81799
 3.89026
 3.7423
 10.7307
 8.79702
 5.58697
 0.666067
 5.41145
 9.03025
 4.22837
 5.56732
 4.91941
 6.03514
 4.17024
 8.32149
 1.71682
 1.79005
 8.6658
 6.98974
 9.05064
 1.37601
 2.14716
 8.24284
 2.82287
 10.8198
 4.12227
 5.54691
 6.35473
 7.099
 1.52353
 4.65592
 6.49841
 6.277
 2.92559
 8.94777
 8.87512
 0.973067
 9.4542
 15.5047
 5.34993
 11.3407
 1.87752
 3.98397
 5.36335
 4.30476
 2.72918
 10.9971
 1.26777
 6.16512
 2.04667
 4.98939
 8.38911
 5.73071
 5.13092
 3.48273
 5.76187
 9.07886
 11.6182
 10.4776
 5.27233
 8.19918
 13.6027
 5.9756
 1.03682
 8.9399
 4.35825
 4.59123
 4.99806
 5.22879
 5.19724
 5.3074
 3.54799
 9.8528
 5.51238
 2.64809
 2.46106
 4.25196
 4.71356
 7.84875
 4.69628
 8.12419
 5.90263
 4.44551
 5.26081
 5.21238
 6.95934
 2.75137
 1.25601
 3.25286
 6.03003
 5.04362
 6.35963
 6.35363
 4.05823
 12.8001
 4.44726
 11.4201
 8.86736
 3.72455
 10.1268
 4.17952
 3.62638
 14.4784
 10.7687
 7.60269
 4.141
 3.29886
 10.1447
 7.71862
 7.15182
 7.51563
 4.38794
 0.979175
 5.16367
 3.95741
 2.64074
 3.35283
 2.32246
 4.4486
 5.19427
 10.7797
 3.81354
 8.34789
 7.5812
 7.9815
 5.0538
 10.0436
 1.8488
 10.1941
 4.37688
 6.86829
 7.96992
 2.90007
 5.74707
 9.27134
 2.48446
 14.4526
 3.58183
 13.0552
 6.99821
 9.25255
 10.2368
 3.0689
 4.74144
 10.6577
 7.83358
 8.08072
 3.99571
 5.20695
 3.47215
 7.38707
 13.1965
 2.87796
 12.541
 4.7277
 11.3805
 3.52438
 6.87358
 5.82326
 8.87195
 7.63235
 3.20304
 3.70135
 2.38061
 8.00915
 6.51971
 2.56888
 11.3301
 6.15951
 9.69144
 0.791109
 7.38526
 9.78775
 4.68537
 7.00648
 8.27887
 6.2196
 9.71295
 5.65581
 8.76945
 19.2565
 7.54629
 7.18775
 5.89429
 6.09885
 6.19333
 6.24266
 14.0177
 5.51815
 7.22645
 4.03928
 4.089
 12.3365
 1.75863
 6.36822
 5.53321
 6.4164
 2.17759
 3.7961
 7.02463
 6.32935
 6.71041
 5.1773
 6.29711
 7.3043
 11.5458
 10.4172
 4.31617
 14.4061
 1.85686
 4.01528
 4.51442
 10.2851
 9.43942
 12.744
 7.22042
 4.39639
 4.83211
 6.7118
 14.5009
 5.7851
 7.70626
 9.88661
 3.30761
 1.25535
 3.09893
 20.9794
 4.56798
 6.54064
 7.37392
 14.079
 9.80532
 7.88948
 1.74761
 9.20164
 8.4761
 7.83504
 0.696364
 4.52667
 2.4323
 5.74297
 5.40989
 3.56098
 4.67201
 3.79628
 2.14475
 7.00368
 9.67318
 6.22199
 4.16414
 6.65471
 5.03528
 5.02418
 8.1546
 5.28097
 10.9324
 4.19226
 2.22278
 9.67006
 3.18293
 4.91908
 9.68557
 5.56924
 10.0939
 7.38528
 4.40007
 6.36944
 1.8012
 6.56784
 9.66031
 9.40636
 18.7665
 6.69648
 4.49527
 8.89175
 5.9512
 11.0354
 5.0418
 10.0351
 3.616
 7.54936
 5.49525
 9.25586
 9.4985
 6.5159
 7.20637
 0.517328
 5.32316
 6.52092
 7.84793
 5.43482
 5.5165
 10.7936
 8.1036
 9.08476
 9.11445
 6.42309
 5.22542
 3.65475
 4.85239
 11.9223
 11.2487
 11.3351
 2.84243
 2.29295
 7.5643
 11.8699
 7.61787
//widmo zespolone sygnalu
6145.66 + 0i
-5.22947 + 5.53937i
-10.5346 - 5.46951i
-7.47087 + 1.18525i
1.09682 - 2.0136i
0.857171 - 2.71011i
-9.85107 - 5.60719i
-10.5673 - 3.8556i
-2.03628 + 11.7471i
2.08655 - 4.38087i
3.64716 + 0.235357i
3.1852 + 4.1424i
-5.35105 + 3.55279i
8.97545 + 1.58573i
4.41152 + 7.94175i
-1.89862 + 7.87805i
10.7377 - 1.09784i
0.560444 + 5.48795i
5.40659 + 0.553223i
7.84484 - 0.220178i
6.47651 - 0.759735i
-3.9721 - 3.54379i
0.0732586 - 0.512115i
-7.19143 + 0.463886i
6.49681 + 0.498386i
-8.6985 - 3.81545i
-9.22492 - 0.756233i
4.47744 + 3.18596i
6.05604 - 4.50746i
1.2335 + 3.39911i
-3.10254 - 9.5435i
3.10433 - 3.97276i
-3.06561 - 10.601i
4.94774 + 3.30705i
8.30234 - 3.18346i
2.47026 + 3.7557i
6.61842 - 1.01948i
3.341 + 18.4667i
5.80348 + 7.40264i
-0.927114 + 9.61572i
-0.308468 + 6.56059i
0.0587475 + 1.80024i
1.62571 - 6.15848i
-4.36943 - 0.518365i
-3.81595 + 6.32304i
9.5631 + 3.23029i
4.81452 - 2.79943i
-7.8109 - 5.72714i
4.53909 - 1.89577i
-2.79348 + 1.52562i
-5.38579 - 8.03139i
1.69298 - 1.44034i
-2.30858 - 3.49935i
2.11667 - 10.7256i
-0.24496 - 5.27529i
7.43333 + 3.35308i
2.73576 - 4.21402i
-4.61407 + 2.01604i
6.55081 + 1.17133i
0.900263 + 4.06566i
-0.962388 - 6.14711i
9.5455 - 1.5665i
5.09134 + 4.80934i
0.727808 - 2.01749i
2.34118 + 2.98842i
-4.43905 - 1.45688i
1.98348 - 2.95743i
3.42272 + 4.1895i
-2.49268 + 5.17381i
2.43206 - 0.0345616i
4.49073 + 0.569346i
0.249006 - 0.650322i
-5.75905 - 5.31236i
6.57997 + 5.34306i
-9.19364 + 0.383639i
0.268293 - 1.7269i
5.83003 - 5.31551i
8.85276 - 4.21579i
10.9532 - 8.84562i
0.536098 + 7.35441i
-1.11578 + 6.44477i
4.35016 - 1.39378i
-15.0059 - 14.6615i
-2.75947 + 1.41022i
0.407863 + 1.18724i
-3.09208 - 1.17446i
9.63757 - 2.20507i
4.8325 + 6.00278i
5.75237 + 0.614569i
-0.897625 - 14.4731i
4.42068 - 5.05034i
-4.68117 - 1.19832i
-4.36069 + 0.559133i
6.71497 + 2.65399i
11.3149 - 5.86361i
2.0578 + 9.21239i
-10.1822 - 1.45124i
1.10573 - 4.37691i
-2.56294 + 3.09092i
-1.84823 - 0.17882i
-12.2046 + 7.65406i
4.31383 + 0.141955i
8.09474 + 6.55688i
9.08588 - 7.12399i
-3.94197 - 6.14928i
-1.50238 - 6.11527i
3.45215 - 3.85838i
-2.50185 - 6.22659i
-6.32233 + 0.29813i
-1.72451 + 6.80966i
-3.75796 + 0.53671i
-1.96334 + 0.941913i
1.93954 - 6.11624i
-4.04975 - 3.7704i
3.71752 + 5.17052i
1.44135 + 1.00762i
-1.00662 - 12.2954i
-0.250052 - 4.08135i
-3.04944 - 2.6489i
-5.01362 + 5.20434i
4.32272 - 3.42988i
11.358 - 8.21538i
-1.78993 - 5.98055i
4.40475 - 4.3538i
-5.76073 - 2.00248i
5.76374 - 1.2337i
0.343157 + 7.17955i
2.8685 + 6.97985i
3.03449 - 19.0159i
4.23267 + 7.68034i
0.885214 - 5.58611i
-7.81434 + 5.76866i
-4.91418 + 3.81238i
-6.51358 - 5.11007i
-5.62347 + 4.1794i
3.94338 - 2.53029i
9.78652 + 0.154691i
-2.75171 + 6.85348i
-0.629457 + 0.479205i
-0.64547 + 9.66992i
6.09429 + 0.893972i
4.31283 + 10.4771i
0.568118 + 2.50527i
5.60552 + 3.32939i
4.5416 + 6.59699i
-2.30424 + 0.598158i
-1.40076 + 3.42606i
-1.69839 - 2.71568i
7.61762 - 0.473898i
-1.22285 - 8.78727i
5.74269 + 0.965357i
5.28966 - 4.38926i
3.29736 + 1.24446i
4.42293 - 10.4859i
1.28276 + 4.55035i
0.433386 - 12.5335i
-2.13761 - 1.92698i
-0.0399259 + 13.1964i
-7.14141 + 1.88921i
-3.46507 - 0.221701i
-4.11268 + 3.19347i
-3.18951 + 2.4068i
-0.0530999 - 8.08054i
6.68336 + 4.08627i
-9.45667 - 4.91501i
4.74138 - 0.0221606i
-1.22928 - 2.81195i
0.809797 + 10.2047i
7.15841 + 5.86232i
-6.79245 + 1.68451i
-10.9827 + 7.0583i
-0.026594 + 3.58173i
4.64461 - 13.686i
-2.13602 - 1.26884i
-9.26621 - 0.308388i
-5.67169 - 0.927778i
0.071196 - 2.8992i
-5.00309 + 6.20392i
3.72142 + 5.77273i
-0.127699 + 4.37502i
9.94423 - 2.24316i
0.0514674 + 1.84808i
8.13434 + 5.89124i
-1.22352 - 4.90346i
7.54632 - 2.59947i
6.37828 - 4.09783i
-8.33013 + 0.544101i
-0.867618 + 3.71353i
2.38805 - 10.5118i
-1.09219 - 5.07814i
3.88849 - 2.16095i
1.79094 + 1.47863i
-3.25089 - 0.820487i
2.63622 + 0.154408i
3.8031 + 1.09434i
-2.17232 - 4.6845i
-0.812737 + 0.546116i
-3.18481 + 3.01844i
2.90176 + 6.93286i
2.47706 + 6.70916i
3.28941 + 6.98262i
-8.24748 - 5.90719i
-0.789137 + 3.20308i
-1.66591 - 3.79112i
5.86233 + 4.84086i
-7.58955 + 7.6396i
-14.2874 + 2.34407i
1.71622 + 3.19456i
1.08764 - 4.03552i
5.21819 - 8.67886i
2.95818 - 2.26306i
5.21153 + 7.17426i
-9.43034 - 6.44111i
-4.42688 - 0.425269i
-5.0046 - 11.7812i
-2.50161 + 3.19549i
6.27971 + 0.966363i
-2.31486 - 5.92337i
5.01935 + 0.494138i
-5.37918 + 2.725i
-2.38987 - 2.20672i
0.200388 - 1.23992i
-0.145903 + 2.7475i
0.0579286 - 6.9591i
3.09613 - 4.19319i
3.64914 - 3.78945i
3.8579 + 2.20889i
2.74303 + 5.22655i
-3.74012 - 7.21207i
-2.99214 + 3.61969i
1.5773 - 7.68863i
2.11518 - 4.21232i
0.450486 + 4.22803i
2.45234 + 0.207077i
1.16313 - 2.37897i
-3.97697 + 3.81708i
3.60893 - 9.16806i
-0.448723 + 3.5195i
3.71542 - 3.79i
-5.08396 + 1.0792i
-3.70696 - 3.68763i
-4.86615 - 1.14073i
-4.57855 + 0.341023i
4.33415 - 0.457685i
-3.02332 + 8.41317i
0.714454 - 0.751361i
0.13394 - 5.9741i
11.2258 + 7.68213i
8.15583 + 0.842004i
4.63523 + 2.51239i
6.01333 + 8.58026i
-11.38 + 2.34034i
8.59498 + 2.9244i
5.70374 + 0.816427i
3.46406 + 0.360149i
5.05452 + 0.882099i
-4.54655 + 3.48854i
0.862056 - 8.3447i
-0.349962 - 4.9771i
-0.843907 - 1.86459i
-6.03315 - 1.26882i
0.982425 - 0.801305i
10.71 - 2.49621i
-2.71222 + 0.30381i
-4.30475 - 0.00965977i
-1.73329 - 5.07556i
3.42306 - 2.0383i
-1.73731 + 0.711928i
6.21436 + 9.48644i
-0.193815 - 5.34642i
-8.09363 + 13.2245i
-1.52413 - 9.33054i
-0.950071 - 0.210299i
-7.22826 - 5.14976i
-7.92059 + 4.16256i
-1.97818 - 2.15544i
-3.15909 - 5.4241i
-3.95981 + 5.15259i
3.67696 + 2.85615i
0.61416 + 1.39425i
0.543496 + 7.07816i
4.08689 + 4.86621i
0.750814 - 5.49586i
4.0703 - 0.652529i
0.653747 + 10.8i
-2.64157 + 0.995352i
-3.29907 + 7.55384i
1.56149 + 1.47379i
-0.967871 - 0.978076i
-7.96176 - 4.30401i
4.8409 + 5.04204i
-1.20077 - 8.58221i
1.49938 + 0.977833i
-1.13175 - 1.29097i
-6.25842 - 5.48446i
1.58128 - 3.85882i
4.15988 + 4.37244i
3.43563 - 3.52095i
-2.55222 - 4.94785i
4.22837 + 0.00152349i
-8.76601 + 2.1685i
-3.0328 + 4.48174i
-0.0192883 + 0.665788i
-3.62722 - 4.24942i
-7.85254 - 3.96551i
1.72345 - 10.5914i
2.83543 + 2.44236i
-3.67528 - 1.27532i
-2.99541 + 6.12474i
3.93903 + 0.923578i
4.77376 - 4.4943i
-8.05317 - 1.14063i
1.1845 - 9.44362i
2.51649 + 2.81468i
1.03096 - 12.0934i
-5.75535 + 11.1374i
0.859008 + 11.44i
2.44764 - 3.30673i
-4.97889 + 5.24835i
-3.09635 + 9.67378i
3.39434 - 2.3694i
-2.14529 + 3.55404i
0.382093 - 2.76398i
-9.99646 - 3.04111i
-4.59569 - 2.169i
1.07005 + 6.74453i
-2.67447 - 4.09297i
-5.13687 - 4.34702i
2.39891 + 0.548528i
-0.0366399 - 0.127461i
0.640106 + 0.0529561i
8.22178 + 5.46796i
4.71338 + 1.29885i
-0.208797 - 0.784192i
-3.76024 + 2.11124i
1.97375 + 12.2514i
-9.01651 - 4.33201i
-3.59508 + 2.12809i
4.15638 + 3.12689i
-1.90817 + 0.00620568i
4.95558 - 3.53272i
1.91863 - 4.70119i
6.70741 + 2.0975i
11.3108 + 6.89187i
-14.1984 + 1.26922i
-9.15069 + 8.29068i
-0.140326 - 2.3359i
2.44775 + 7.142i
3.72036 + 8.76634i
-9.5622 + 1.93415i
0.313425 - 2.31954i
11.9417 + 10.8638i
-5.69689 - 3.86733i
1.73347 + 7.66535i
4.20757 - 0.898981i
-0.750246 - 0.405783i
-0.0943027 - 3.14455i
-10.7676 + 4.21475i
1.80707 - 5.06601i
4.99892 + 5.15352i
-2.40585 + 3.34467i
1.40501 + 6.25882i
6.25642 + 3.53738i
-2.76763 + 2.37052i
0.574774 + 4.27095i
4.2989 - 2.1571i
0.322552 - 0.516128i
-4.34186 - 4.32723i
-4.21508 - 12.1833i
-12.1409 + 8.26883i
-4.87974 - 0.928924i
6.01451 - 1.21712i
3.19932 - 0.14621i
0.871912 - 2.94389i
-5.11497 - 1.58813i
1.05675 + 0.518911i
0.222566 - 2.45708i
3.31858 - 2.34312i
-5.24832 - 0.778654i
-1.84493 + 8.01344i
0.772437 + 0.123862i
-0.646547 - 6.83254i
-2.19549 + 3.66909i
-9.64623 - 0.0307837i
-3.15998 - 3.48895i
3.51198 - 1.63491i
-3.99652 - 0.412319i
3.25126 - 1.48146i
-4.34921 - 4.33648i
5.19649 + 2.74646i
1.07356 - 6.96693i
-0.187191 + 1.17915i
6.26865 - 12.3342i
6.53153 + 1.03612i
0.0123103 + 2.46165i
-2.48403 - 4.48867i
-6.74754 - 4.11606i
-0.318789 + 8.19692i
8.13693 - 11.4297i
1.54309 + 2.61446i
-16.0783 - 2.6951i
0.778861 - 0.623702i
-1.65463 - 7.07637i
0.693556 - 2.44436i
5.82858 + 11.6901i
-3.18627 - 2.4361i
-2.94443 - 10.3271i
-3.42986 - 6.16579i
-0.848918 + 8.96543i
-9.08188 - 3.42824i
5.10623 - 3.50236i
-3.43977 + 3.18857i
2.41767 - 3.17785i
-2.84364 - 10.3294i
-2.68366 - 0.192158i
-5.26297 + 8.33585i
2.74231 - 3.88119i
-9.53476 + 1.7994i
1.25005 - 6.84491i
9.81452 - 4.02661i
-3.13284 + 0.928103i
5.12326 + 3.32734i
6.91332 + 3.58931i
11.5361 + 0.25169i
-0.45845 - 8.18583i
2.15628 - 2.73366i
1.45252 + 5.59764i
-6.72488 - 4.68549i
-1.91963 - 3.7859i
-0.00270355 + 4.39071i
-3.28083 - 2.0803i
4.75517 - 1.73734i
-1.92516 + 7.94658i
1.95007 + 0.406426i
-1.60892 - 1.30621i
-0.992684 + 3.3956i
3.22817 + 6.26073i
-0.840563 + 12.3467i
-0.0339489 + 1.7708i
-9.05183 + 1.73951i
-2.77104 + 3.05726i
-8.46989 - 0.799841i
3.50029 + 1.71508i
-2.80597 - 5.16642i
-0.0188548 - 1.82542i
-7.45572 + 3.64811i
-3.1735 - 7.05831i
1.23199 - 1.60966i
4.74086 + 1.46244i
-1.45863 + 6.56109i
-6.52899 + 4.12341i
-5.50948 + 4.51544i
-4.81758 - 0.143923i
3.6464 + 9.29384i
-4.74991 - 0.540329i
4.3108 + 0.612221i
5.07926 + 4.39588i
7.89902 + 5.59034i
-1.14744 + 1.47054i
2.65015 + 0.369062i
-1.00912 + 0.669454i
-0.66694 + 14.0236i
-6.82914 - 5.62084i
1.50381 - 0.2418i
1.74609 + 4.66371i
3.6282 + 6.50519i
0.132134 + 0.0285187i
-1.85686 + 8.04327i
4.59877 - 14.7386i
7.25495 + 9.36501i
-8.38208 - 6.40725i
5.91745 - 1.10333i
4.83843 + 7.92854i
-3.35516 + 6.14277i
-5.5654 + 0.8417i
-0.619997 - 1.35447i
-7.18967 - 4.90265i
-1.16087 + 3.80837i
7.54636 + 0.390029i
-0.890768 - 0.240505i
-1.10331 - 6.29158i
-3.19609 - 0.477419i
-0.974331 - 6.07492i
-1.09629 + 4.56993i
6.34811 + 5.05409i
-2.91313 + 0.908934i
-10.8956 + 3.34757i
-1.25955 + 0.0902712i
6.66545 + 3.5978i
-1.15974 - 5.05644i
-3.10571 - 1.75539i
5.3213 + 0.99987i
3.60412 - 7.18841i
2.47291 - 1.20448i
-5.17178 - 3.24847i
-0.740115 + 3.21481i
-4.10476 + 2.32691i
4.1102 - 0.510864i
-6.65461 + 0.450915i
-9.6167 + 6.25891i
7.04874 + 3.95111i
-5.21681 - 4.04377i
-3.92322 - 0.447677i
9.031 + 6.00676i
0.769201 + 5.40773i
4.5697 + 4.69834i
-1.85355 + 9.73344i
-8.01235 + 1.61186i
-1.52082 + 3.93907i
4.37485 + 0.992259i
-5.71027 - 9.60577i
1.38409 + 0.641216i
0.219849 + 7.04407i
3.21757 - 6.61823i
-1.49061 - 1.62669i
-3.82992 - 6.01151i
-7.60282 - 1.54417i
-4.26395 - 13.321i
-6.67916 - 2.61626i
-5.4606 - 6.05482i
-2.34259 + 1.78073i
-8.75686 - 8.71569i
5.25156 - 7.71315i
2.426 - 3.10899i
5.30867 - 1.00324i
8.01559 - 1.24254i
4.34163 + 6.85158i
9.6793 + 0.691863i
-1.48835 - 3.00554i
6.59171 + 2.34656i
-8.87005 - 0.00328648i
-8.81208 + 3.33758i
0.572385 - 0.320115i
7.19284 + 1.56794i
1.39489 - 2.44793i
-1.39348 - 12.9698i
2.0182 + 1.48654i
2.98927 - 0.675175i
6.38282 - 7.32712i
-0.0651489 + 2.16154i
11.618 + 2.20548i
-1.655 - 1.23423i
-6.21064 - 7.76968i
2.72373 - 10.8054i
0.170647 + 0.352022i
-5.94153 - 9.49697i
-5.15901 + 1.18129i
10.244 + 4.10632i
-8.65869 - 4.39192i
-2.78542 - 1.92093i
-1.4797 + 14.2286i
5.43721 - 4.39706i
0.719048 + 1.46319i
3.38159 - 1.90712i
-2.84295 - 7.4112i
-10.8588 + 1.53132i
9.76345 + 2.82243i
2.26792 + 3.34872i
1.85468 - 4.93704i
-6.9764 - 5.32178i
0.252188 - 2.52014i
-5.35905 + 3.40886i
1.17604 - 0.417381i
9.12276 + 1.72604i
4.03483 + 5.75472i
3.52031 - 3.40411i
5.98128 + 2.63801i
4.23305 - 2.75965i
-0.521003 - 6.42811i
-9.16175 + 6.36639i
1.57305 + 5.25699i
-4.15355 - 2.6588i
3.96652 + 3.97025i
1.75172 - 3.77934i
-2.60432 + 4.4435i
-0.989175 + 0.429666i
1.73013 + 1.04727i
-0.0594441 - 9.98489i
3.07297 + 8.92074i
-1.71585 + 8.04584i
1.77215 - 2.94658i
-0.500082 - 7.34158i
2.20385 - 2.53985i
0.670069 + 1.49823i
-4.93351 + 2.70413i
0.170825 - 3.55022i
-2.28342 - 1.24806i
-4.7848 - 5.2682i
-1.36499 + 3.22648i
0.142592 - 0.650337i
-4.63523 - 4.04887i
4.87796 + 1.20199i
-8.9193 + 2.69521i
-4.42904 - 3.11818i
-1.27398 - 2.90491i
-1.4855 + 3.30799i
-6.11339 + 7.78451i
-4.722 - 13.4966i
-4.33928 - 5.39218i
4.74282 - 6.93377i
-1.69775 + 0.775495i
3.46253 + 2.3232i
8.52365 + 1.13128i
7.32135 - 5.84084i
-6.40442 + 4.24294i
4.94987 + 7.93147i
1.64324 + 0.849578i
0.240481 + 5.88893i
-2.44602 - 2.14204i
0.969953 + 0.759383i
-7.14332 - 6.73021i
0.823718 + 1.88992i
1.38124 - 0.0740359i
0.308727 - 3.29602i
-3.97121 - 1.61566i
-3.69101 - 10.1239i
-3.02061 + 7.273i
5.9622 + 3.96646i
-3.71792 + 2.4881i
-4.83349 - 0.403577i
-3.37726 - 5.38279i
-2.13134 - 3.12092i
-3.17904 + 0.68413i
-6.32124 - 12.0933i
-1.85519 + 2.01149i
1.46039 - 3.25666i
5.48169 - 6.31159i
1.69589 + 3.4652i
4.38298 + 3.07568i
-1.24709 - 0.973614i
1.13407 - 0.0913568i
-9.56142 - 11.3013i
-0.50753 + 12.7004i
-5.77946 - 0.927704i
5.12134 - 1.33052i
-4.76439 + 8.16924i
-7.97569 - 6.68849i
-5.48525 + 5.60666i
-6.25909 - 0.922157i
3.20645 + 6.40303i
-6.6678 + 5.53943i
-2.73161 + 5.52762i
-8.12857 - 4.88394i
5.53963 + 2.23519i
1.23969 + 10.633i
-7.44387 + 0.478929i
2.32425 - 6.35245i
12.5046 + 0.0574595i
-10.0718 + 0.105182i
6.36831 - 0.517585i
4.57165 + 4.28295i
4.83648 + 3.01605i
5.84385 - 4.19677i
-4.7496 + 5.48552i
3.04625 - 12.3144i
2.85232 + 0.561054i
-0.938581 + 2.53658i
5.95372 - 5.61586i
-6.31001 - 4.41256i
6.6691 + 1.53271i
1.18404 - 8.41238i
1.04279 - 4.1287i
9.91171 - 1.59953i
8.21681 + 3.20935i
12.1469 + 2.38305i
2.33334 + 1.96257i
4.69396 - 0.271316i
0.0736685 + 3.82734i
10.3279 - 9.80353i
2.62645 + 1.37766i
-2.98825 - 2.34288i
-0.448282 - 5.26108i
-1.31102 + 3.40396i
0.838116 - 5.91372i
5.42895 + 7.6005i
-6.92412 - 6.48167i
2.82976 - 4.10692i
-4.31084 + 1.97252i
0.386492 + 7.50255i
10.2506 + 1.20953i
-1.96454 + 3.68251i
-1.96365 - 9.07895i
-15.3708 - 1.01134i
0.778187 + 2.4537i
-1.01256 - 1.63329i
7.28125 - 3.79111i
2.34603 - 0.0218372i
4.37355 - 0.485702i
1.8495 - 7.56707i
-2.3854 + 6.37054i
-6.57038 - 2.12436i
-4.60774 + 1.19133i
-10.1475 - 0.661393i
-14.3639 + 0.473032i
-2.93965 + 9.47619i
-2.03918 + 4.86015i
0.236852 + 12.0404i
-1.64175 + 8.29221i
-4.29483 - 4.12104i
0.564155 - 3.73079i
-9.07882 + 4.26459i
2.40862 - 10.4547i
1.81272 + 4.60544i
7.78288 - 5.72081i
-8.93872 - 5.80718i
-3.46722 + 13.101i
-3.28278 + 1.00973i
-1.77055 - 1.62889i
4.14054 + 3.15475i
3.4323 - 2.07041i
0.121253 + 2.21326i
-0.858569 + 4.55215i
-0.662389 + 2.0182i
-10.5118 - 2.404i
1.59705 + 16.0048i
1.80644 - 0.118043i
-7.60098 + 3.55632i
1.8319 - 1.45045i
2.74743 - 6.32125i
-4.47644 - 8.8668i
5.84264 + 2.87664i
-4.45691 - 1.89051i
-0.9931 - 0.833721i
0.124828 + 0.751943i
-1.23484 - 1.07332i
-1.66961 + 10.837i
7.18934 - 6.4367i
-4.16606 + 5.18545i
9.2422 + 3.71231i
-2.20719 - 1.0648i
1.03667 - 1.77485i
0.946394 - 3.08633i
-2.74941 - 4.24118i
-3.79649 + 6.67026i
-3.61163 - 9.47379i
3.73139 + 0.0321252i
1.55479 - 8.4288i
-6.84165 + 1.32161i
-3.40864 + 5.06124i
-8.22814 + 1.74977i
2.70825 - 2.73862i
-7.44391 - 6.38204i
-2.48655 - 9.91052i
3.5679 + 5.83228i
-3.78498 + 0.321717i
6.41408 - 7.42193i
7.12752 - 7.33736i
-4.03298 - 0.978805i
-12.0167 + 1.13564i
9.69195 + 1.45933i
1.8804 + 0.463867i
1.72805 + 3.05621i
-0.163092 + 2.46308i
-0.193915 - 1.1326i
2.77589 + 0.876573i
1.05592 + 0.677617i
6.62848 + 1.73916i
-1.00765 - 2.42128i
-1.57698 - 1.80062i
-1.81887 - 7.51782i
-1.86027 + 6.49963i
1.07327 + 2.52855i
6.0989 + 3.68466i
-1.22039 + 7.27036i
-4.80486 + 1.35772i
-7.18311 - 3.02443i
3.86968 - 1.55838i
-3.22026 + 1.78742i
0.246014 - 3.28941i
-0.843612 - 3.41316i
-1.16548 - 10.6085i
-6.32742 + 7.84644i
6.85222 + 6.17247i
-9.3374 - 4.37674i
3.98682 - 2.27113i
-2.1613 + 4.27841i
-2.86916 + 10.2724i
-0.794374 + 0.367607i
-5.43401 - 0.636996i
-6.49563 + 2.81401i
1.84866 - 0.40201i
-0.840294 + 3.60857i
2.80568 + 5.5981i
-8.22272 - 8.85272i
4.80636 - 7.72845i
6.00399 + 1.06161i
8.95947 + 0.508879i
-0.267494 - 6.07027i
-2.48683 + 6.88611i
-6.56384 - 5.71382i
1.12684 + 4.48977i
-7.42313 - 2.74027i
-2.46512 + 4.69415i
-2.09087 - 7.29348i
3.91499 + 4.70605i
-4.18048 - 9.11828i
-1.96634 + 10.2873i
4.56173 + 1.4115i
1.04138 + 6.90543i
6.75071 - 6.67834i
8.835 + 1.44226i
-9.06675 + 0.415249i
-1.40134 + 1.688i
-2.64213 + 2.40539i
-5.4137 - 2.89715i
4.08766 + 2.23669i
6.043 + 2.13729i
-3.04191 + 8.04481i
-4.31217 - 3.35195i
7.59779 + 11.5121i
0.357471 - 1.17397i
3.75945 + 1.83423i
4.37552 - 1.86839i
-3.04678 - 1.71117i
-4.60142 - 2.6434i
-3.49147 + 4.30647i
-2.44886 - 3.70716i
0.106136 + 4.33763i
2.108 - 2.58272i
2.83901 + 6.25895i
-3.48242 + 9.58187i
-6.12649 + 5.76426i
-12.4289 + 0.0412784i
-2.05148 + 1.5412i
2.4777 + 6.02684i
0.448626 - 7.67108i
6.29719 + 3.52884i
-6.51881 + 4.56913i
-0.72443 - 2.35227i
-2.71189 - 0.177253i
-6.39637 - 3.41493i
4.00987 - 2.2213i
-9.12079 + 1.3571i
-1.20031 - 11.7061i
-0.495 - 0.045754i
-6.96957 - 6.84297i
9.58559 - 2.28556i
0.97274 + 2.27562i
5.17782 - 10.3368i
-3.60755 + 0.101508i
1.27706 - 0.162604i
-1.87298 - 6.37072i
0.791375 + 0.250099i
8.1743 - 5.94209i
1.225 - 11.3035i
10.1792 + 2.87394i
-4.47442 - 0.633472i
2.32165 + 7.81184i
0.738116 - 1.849i
7.63061 - 9.58983i
-9.3377 + 11.2614i
2.85777 - 2.0629i
8.11647 - 0.0177383i
2.66872 - 4.18028i
3.25294 - 2.91485i
1.93309 + 3.64989i
-3.00223 + 6.76591i
6.53786 - 1.62365i
6.42035 + 4.9138i
6.29331 + 2.41235i
-8.36066 + 5.04006i
-1.05141 + 3.4824i
-4.97632 + 7.15559i
-0.365682 + 6.04608i
-0.0887337 + 2.2777i
0.987078 - 1.55577i
-0.0257711 - 6.10966i
0.905022 - 1.45008i
3.97397 + 8.48318i
-2.20615 - 1.99011i
-11.6953 + 7.72454i
1.98073 - 5.69997i
-0.302001 + 3.20577i
-1.05635 + 3.29783i
6.53123 + 6.46382i
10.5833 + 8.38692i
-2.27265 - 1.93913i
-6.30798 + 2.81526i
-1.34489 - 12.7917i
5.13921 - 16.6076i
-2.15685 - 3.11157i
2.62682 - 6.16515i
16.0833 + 7.19249i
4.66118 - 2.16958i
-8.42896 - 5.37315i
3.58073 - 8.47394i
6.3709 + 4.5735i
-14.3978 - 2.03389i
9.1556 - 0.0582319i
-2.19552 + 5.03709i
-6.26494 + 0.367105i
3.93803 + 10.6831i
-5.01818 + 5.5138i
3.94444 - 7.83376i
-1.51008 - 8.84532i
0.262998 - 1.56303i
9.00202 - 6.14214i
-8.5739 + 0.353327i
7.08796 - 0.268314i
-0.332541 + 2.32439i
-7.39094 + 1.96821i
8.36306 + 9.61297i
10.5737 + 3.41739i
-0.532047 + 8.87977i
6.13379 - 3.77263i
12.2949 + 2.72153i
11.9713 - 2.34657i
-0.21871 - 2.71543i
5.03419 + 2.66962i
0.803162 - 2.90249i
3.8305 - 5.63862i
-1.18989 + 1.86953i
6.11874 - 2.31527i
-0.864956 - 8.1565i
-9.2806 - 9.56992i
1.24355 - 7.1899i
-3.53256 - 0.204528i
-1.46474 + 6.11688i
11.138 + 3.15985i
2.6369 - 8.57884i
8.00983 - 5.10337i
5.13686 + 2.93225i
2.28612 + 5.76638i
-0.705038 + 3.89951i
9.64701 - 1.28733i
9.68343 - 7.36067i
4.18214 + 1.0546i
0.288785 - 3.04365i
-1.807 + 4.43509i
5.21016 + 3.85827i
3.23078 - 3.76675i
-5.49587 - 0.500886i
-7.98348 + 4.21619i
-1.39609 - 0.628524i
-6.63409 - 0.433158i
-2.21195 + 1.35302i
-6.75555 + 11.7389i
1.10797 - 0.789036i
1.94156 - 3.37219i
-0.379013 + 1.91316i
0.215854 + 2.8586i
1.53609 - 6.08288i
0.230521 + 5.29219i
-3.50246 - 2.23192i
-1.6396 + 0.540757i
6.64906 + 2.85288i
12.7702 + 3.57551i
-7.39686 - 7.59053i
-5.82724 - 6.85068i
-3.9618 + 0.860579i
-1.51209 - 5.09788i
0.163226 + 3.12829i
1.05473 + 0.740419i
4.81958 - 5.05344i
4.90399 + 11.0627i
3.07713 + 3.86592i
-3.18641 - 2.5972i
9.88474 - 0.335731i
3.52946 - 0.804906i
3.94911 + 3.47219i
-1.00914 - 2.73985i
-6.00625 + 6.09924i
9.55978 - 5.66571i
0.314635 + 3.77071i
2.29468 - 7.18484i
1.89362 + 6.67418i
-9.11179 + 4.74435i
3.31625 - 4.53458i
-6.04191 + 1.66426i
0.844428 - 4.68593i
-7.6366 - 5.05551i
6.58857 + 4.59293i
-5.04864 - 6.35762i
-4.42033 + 9.62095i
-1.49534 + 2.6727i
2.28273 - 2.34278i
2.28135 - 2.07082i
-8.39171 + 3.64899i
-6.30108 - 4.14576i
-1.7532 + 5.7697i
0.0921022 + 3.18964i
-0.330045 + 5.80049i
4.16749 + 5.80076i
3.07264 + 3.68922i
0.0229331 + 3.545i
6.00041 - 0.143317i
0.752736 + 0.145888i
-3.49638 - 6.49773i
-5.7794 - 0.595382i
5.07885 + 1.2586i
-4.72882 - 2.89715i
0.96172 + 3.24901i
0.517237 + 3.15089i
4.93581 + 0.593603i
-1.35517 - 2.03839i
3.03533 + 10.5752i
-1.22463 + 4.05839i
-4.61821 + 6.72991i
-0.380244 + 3.03404i
1.11646 - 10.06i
1.77448 + 5.89655i
-0.545571 - 3.72289i
5.0556 - 3.5349i
11.5648 + 8.30792i
-8.97382 - 1.36208i
-1.70867 - 6.44332i
-0.971811 + 0.969621i
-2.66849 - 10.7048i
-16.4654 - 7.59482i
-0.76796 + 4.24065i
3.05805 + 9.21306i
5.69376 + 1.7947i
0.869179 - 1.70312i
1.41918 + 1.58167i
6.23818 + 1.31061i
-2.23335 - 1.46955i
-10.2838 - 0.629612i
-4.61794 + 7.54937i
1.18006 - 3.51093i
0.0156189 + 6.94992i
-2.66085 + 4.79956i
-7.93848 - 1.64882i
3.93624 + 0.754681i
-1.27249 - 4.6595i
3.93624 + 0.754681i
-7.93848 - 1.64882i
-2.66085 + 4.79956i
0.0156189 + 6.94992i
1.18006 - 3.51093i
-4.61794 + 7.54937i
-10.2838 - 0.629612i
-2.23335 - 1.46955i
6.23818 + 1.31061i
1.41918 + 1.58167i
0.869179 - 1.70312i
5.69376 + 1.7947i
3.05805 + 9.21306i
-0.76796 + 4.24065i
-16.4654 - 7.59482i
-2.66849 - 10.7048i
-0.971811 + 0.969621i
-1.70867 - 6.44332i
-8.97382 - 1.36208i
11.5648 + 8.30792i
5.0556 - 3.5349i
-0.545571 - 3.72289i
1.77448 + 5.89655i
1.11646 - 10.06i
-0.380244 + 3.03404i
-4.61821 + 6.72991i
-1.22463 + 4.05839i
3.03533 + 10.5752i
-1.35517 - 2.03839i
4.93581 + 0.593603i
0.517237 + 3.15089i
0.96172 + 3.24901i
-4.72882 - 2.89715i
5.07885 + 1.2586i
-5.7794 - 0.595382i
-3.49638 - 6.49773i
0.752736 + 0.145888i
6.00041 - 0.143317i
0.0229331 + 3.545i
3.07264 + 3.68922i
4.16749 + 5.80076i
-0.330045 + 5.80049i
0.0921022 + 3.18964i
-1.7532 + 5.7697i
-6.30108 - 4.14576i
-8.39171 + 3.64899i
2.28135 - 2.07082i
2.28273 - 2.34278i
-1.49534 + 2.6727i
-4.42033 + 9.62095i
-5.04864 - 6.35762i
6.58857 + 4.59293i
-7.6366 - 5.05551i
0.844428 - 4.68593i
-6.04191 + 1.66426i
3.31625 - 4.53458i
-9.11179 + 4.74435i
1.89362 + 6.67418i
2.29468 - 7.18484i
0.314635 + 3.77071i
9.55978 - 5.66571i
-6.00625 + 6.09924i
-1.00914 - 2.73985i
3.94911 + 3.47219i
3.52946 - 0.804906i
9.88474 - 0.335731i
-3.18641 - 2.5972i
3.07713 + 3.86592i
4.90399 + 11.0627i
4.81958 - 5.05344i
1.05473 + 0.740419i
0.163226 + 3.12829i
-1.51209 - 5.09788i
-3.9618 + 0.860579i
-5.82724 - 6.85068i
-7.39686 - 7.59053i
12.7702 + 3.57551i
6.64906 + 2.85288i
-1.6396 + 0.540757i
-3.50246 - 2.23192i
0.230521 + 5.29219i
1.53609 - 6.08288i
0.215854 + 2.8586i
-0.379013 + 1.91316i
1.94156 - 3.37219i
1.10797 - 0.789036i
-6.75555 + 11.7389i
-2.21195 + 1.35302i
-6.63409 - 0.433158i
-1.39609 - 0.628524i
-7.98348 + 4.21619i
-5.49587 - 0.500886i
3.23078 - 3.76675i
5.21016 + 3.85827i
-1.807 + 4.43509i
0.288785 - 3.04365i
4.18214 + 1.0546i
9.68343 - 7.36067i
9.64701 - 1.28733i
-0.705038 + 3.89951i
2.28612 + 5.76638i
5.13686 + 2.93225i
8.00983 - 5.10337i
2.6369 - 8.57884i
11.138 + 3.15985i
-1.46474 + 6.11688i
-3.53256 - 0.204528i
1.24355 - 7.1899i
-9.2806 - 9.56992i
-0.864956 - 8.1565i
6.11874 - 2.31527i
-1.18989 + 1.86953i
3.8305 - 5.63862i
0.803162 - 2.90249i
5.03419 + 2.66962i
-0.21871 - 2.71543i
11.9713 - 2.34657i
12.2949 + 2.72153i
6.13379 - 3.77263i
-0.532047 + 8.87977i
10.5737 + 3.41739i
8.36306 + 9.61297i
-7.39094 + 1.96821i
-0.332541 + 2.32439i
7.08796 - 0.268314i
-8.5739 + 0.353327i
9.00202 - 6.14214i
0.262998 - 1.56303i
-1.51008 - 8.84532i
3.94444 - 7.83376i
-5.01818 + 5.5138i
3.93803 + 10.6831i
-6.26494 + 0.367105i
-2.19552 + 5.03709i
9.1556 - 0.0582319i
-14.3978 - 2.03389i
6.3709 + 4.5735i
3.58073 - 8.47394i
-8.42896 - 5.37315i
4.66118 - 2.16958i
16.0833 + 7.19249i
2.62682 - 6.16515i
-2.15685 - 3.11157i
5.13921 - 16.6076i
-1.34489 - 12.7917i
-6.30798 + 2.81526i
-2.27265 - 1.93913i
10.5833 + 8.38692i
6.53123 + 6.46382i
-1.05635 + 3.29783i
-0.302001 + 3.20577i
1.98073 - 5.69997i
-11.6953 + 7.72454i
-2.20615 - 1.99011i
3.97397 + 8.48318i
0.905022 - 1.45008i
-0.0257711 - 6.10966i
0.987078 - 1.55577i
-0.0887337 + 2.2777i
-0.365682 + 6.04608i
-4.97632 + 7.15559i
-1.05141 + 3.4824i
-8.36066 + 5.04006i
6.29331 + 2.41235i
6.42035 + 4.9138i
6.53786 - 1.62365i
-3.00223 + 6.76591i
1.93309 + 3.64989i
3.25294 - 2.91485i
2.66872 - 4.18028i
8.11647 - 0.0177383i
2.85777 - 2.0629i
-9.3377 + 11.2614i
7.63061 - 9.58983i
0.738116 - 1.849i
2.32165 + 7.81184i
-4.47442 - 0.633472i
10.1792 + 2.87394i
1.225 - 11.3035i
8.1743 - 5.94209i
0.791375 + 0.250099i
-1.87298 - 6.37072i
1.27706 - 0.162604i
-3.60755 + 0.101508i
5.17782 - 10.3368i
0.97274 + 2.27562i
9.58559 - 2.28556i
-6.96957 - 6.84297i
-0.495 - 0.045754i
-1.20031 - 11.7061i
-9.12079 + 1.3571i
4.00987 - 2.2213i
-6.39637 - 3.41493i
-2.71189 - 0.177253i
-0.72443 - 2.35227i
-6.51881 + 4.56913i
6.29719 + 3.52884i
0.448626 - 7.67108i
2.4777 + 6.02684i
-2.05148 + 1.5412i
-12.4289 + 0.0412784i
-6.12649 + 5.76426i
-3.48242 + 9.58187i
2.83901 + 6.25895i
2.108 - 2.58272i
0.106136 + 4.33763i
-2.44886 - 3.70716i
-3.49147 + 4.30647i
-4.60142 - 2.6434i
-3.04678 - 1.71117i
4.37552 - 1.86839i
3.75945 + 1.83423i
0.357471 - 1.17397i
7.59779 + 11.5121i
-4.31217 - 3.35195i
-3.04191 + 8.04481i
6.043 + 2.13729i
4.08766 + 2.23669i
-5.4137 - 2.89715i
-2.64213 + 2.40539i
-1.40134 + 1.688i
-9.06675 + 0.415249i
8.835 + 1.44226i
6.75071 - 6.67834i
1.04138 + 6.90543i
4.56173 + 1.4115i
-1.96634 + 10.2873i
-4.18048 - 9.11828i
3.91499 + 4.70605i
-2.09087 - 7.29348i
-2.46512 + 4.69415i
-7.42313 - 2.74027i
1.12684 + 4.48977i
-6.56384 - 5.71382i
-2.48683 + 6.88611i
-0.267494 - 6.07027i
8.95947 + 0.508879i
6.00399 + 1.06161i
4.80636 - 7.72845i
-8.22272 - 8.85272i
2.80568 + 5.5981i
-0.840294 + 3.60857i
1.84866 - 0.40201i
-6.49563 + 2.81401i
-5.43401 - 0.636996i
-0.794374 + 0.367607i
-2.86916 + 10.2724i
-2.1613 + 4.27841i
3.98682 - 2.27113i
-9.3374 - 4.37674i
6.85222 + 6.17247i
-6.32742 + 7.84644i
-1.16548 - 10.6085i
-0.843612 - 3.41316i
0.246014 - 3.28941i
-3.22026 + 1.78742i
3.86968 - 1.55838i
-7.18311 - 3.02443i
-4.80486 + 1.35772i
-1.22039 + 7.27036i
6.0989 + 3.68466i
1.07327 + 2.52855i
-1.86027 + 6.49963i
-1.81887 - 7.51782i
-1.57698 - 1.80062i
-1.00765 - 2.42128i
6.62848 + 1.73916i
1.05592 + 0.677617i
2.77589 + 0.876573i
-0.193915 - 1.1326i
-0.163092 + 2.46308i
1.72805 + 3.05621i
1.8804 + 0.463867i
9.69195 + 1.45933i
-12.0167 + 1.13564i
-4.03298 - 0.978805i
7.12752 - 7.33736i
6.41408 - 7.42193i
-3.78498 + 0.321717i
3.5679 + 5.83228i
-2.48655 - 9.91052i
-7.44391 - 6.38204i
2.70825 - 2.73862i
-8.22814 + 1.74977i
-3.40864 + 5.06124i
-6.84165 + 1.32161i
1.55479 - 8.4288i
3.73139 + 0.0321252i
-3.61163 - 9.47379i
-3.79649 + 6.67026i
-2.74941 - 4.24118i
0.946394 - 3.08633i
1.03667 - 1.77485i
-2.20719 - 1.0648i
9.2422 + 3.71231i
-4.16606 + 5.18545i
7.18934 - 6.4367i
-1.66961 + 10.837i
-1.23484 - 1.07332i
0.124828 + 0.751943i
-0.9931 - 0.833721i
-4.45691 - 1.89051i
5.84264 + 2.87664i
-4.47644 - 8.8668i
2.74743 - 6.32125i
1.8319 - 1.45045i
-7.60098 + 3.55632i
1.80644 - 0.118043i
1.59705 + 16.0048i
-10.5118 - 2.404i
-0.662389 + 2.0182i
-0.858569 + 4.55215i
0.121253 + 2.21326i
3.4323 - 2.07041i
4.14054 + 3.15475i
-1.77055 - 1.62889i
-3.28278 + 1.00973i
-3.46722 + 13.101i
-8.93872 - 5.80718i
7.78288 - 5.72081i
1.81272 + 4.60544i
2.40862 - 10.4547i
-9.07882 + 4.26459i
0.564155 - 3.73079i
-4.29483 - 4.12104i
-1.64175 + 8.29221i
0.236852 + 12.0404i
-2.03918 + 4.86015i
-2.93965 + 9.47619i
-14.3639 + 0.473032i
-10.1475 - 0.661393i
-4.60774 + 1.19133i
-6.57038 - 2.12436i
-2.3854 + 6.37054i
1.8495 - 7.56707i
4.37355 - 0.485702i
2.34603 - 0.0218372i
7.28125 - 3.79111i
-1.01256 - 1.63329i
0.778187 + 2.4537i
-15.3708 - 1.01134i
-1.96365 - 9.07895i
-1.96454 + 3.68251i
10.2506 + 1.20953i
0.386492 + 7.50255i
-4.31084 + 1.97252i
2.82976 - 4.10692i
-6.92412 - 6.48167i
5.42895 + 7.6005i
0.838116 - 5.91372i
-1.31102 + 3.40396i
-0.448282 - 5.26108i
-2.98825 - 2.34288i
2.62645 + 1.37766i
10.3279 - 9.80353i
0.0736685 + 3.82734i
4.69396 - 0.271316i
2.33334 + 1.96257i
12.1469 + 2.38305i
8.21681 + 3.20935i
9.91171 - 1.59953i
1.04279 - 4.1287i
1.18404 - 8.41238i
6.6691 + 1.53271i
-6.31001 - 4.41256i
5.95372 - 5.61586i
-0.938581 + 2.53658i
2.85232 + 0.561054i
3.04625 - 12.3144i
-4.7496 + 5.48552i
5.84385 - 4.19677i
4.83648 + 3.01605i
4.57165 + 4.28295i
6.36831 - 0.517585i
-10.0718 + 0.105182i
12.5046 + 0.0574595i
2.32425 - 6.35245i
-7.44387 + 0.478929i
1.23969 + 10.633i
5.53963 + 2.23519i
-8.12857 - 4.88394i
-2.73161 + 5.52762i
-6.6678 + 5.53943i
3.20645 + 6.40303i
-6.25909 - 0.922157i
-5.48525 + 5.60666i
-7.97569 - 6.68849i
-4.76439 + 8.16924i
5.12134 - 1.33052i
-5.77946 - 0.927704i
-0.50753 + 12.7004i
-9.56142 - 11.3013i
1.13407 - 0.0913568i
-1.24709 - 0.973614i
4.38298 + 3.07568i
1.69589 + 3.4652i
5.48169 - 6.31159i
1.46039 - 3.25666i
-1.85519 + 2.01149i
-6.32124 - 12.0933i
-3.17904 + 0.68413i
-2.13134 - 3.12092i
-3.37726 - 5.38279i
-4.83349 - 0.403577i
-3.71792 + 2.4881i
5.9622 + 3.96646i
-3.02061 + 7.273i
-3.69101 - 10.1239i
-3.97121 - 1.61566i
0.308727 - 3.29602i
1.38124 - 0.0740359i
0.823718 + 1.88992i
-7.14332 - 6.73021i
0.969953 + 0.759383i
-2.44602 - 2.14204i
0.240481 + 5.88893i
1.64324 + 0.849578i
4.94987 + 7.93147i
-6.40442 + 4.24294i
7.32135 - 5.84084i
8.52365 + 1.13128i
3.46253 + 2.3232i
-1.69775 + 0.775495i
4.74282 - 6.93377i
-4.33928 - 5.39218i
-4.722 - 13.4966i
-6.11339 + 7.78451i
-1.4855 + 3.30799i
-1.27398 - 2.90491i
-4.42904 - 3.11818i
-8.9193 + 2.69521i
4.87796 + 1.20199i
-4.63523 - 4.04887i
0.142592 - 0.650337i
-1.36499 + 3.22648i
-4.7848 - 5.2682i
-2.28342 - 1.24806i
0.170825 - 3.55022i
-4.93351 + 2.70413i
0.670069 + 1.49823i
2.20385 - 2.53985i
-0.500082 - 7.34158i
1.77215 - 2.94658i
-1.71585 + 8.04584i
3.07297 + 8.92074i
-0.0594441 - 9.98489i
1.73013 + 1.04727i
-0.989175 + 0.429666i
-2.60432 + 4.4435i
1.75172 - 3.77934i
3.96652 + 3.97025i
-4.15355 - 2.6588i
1.57305 + 5.25699i
-9.16175 + 6.36639i
-0.521003 - 6.42811i
4.23305 - 2.75965i
5.98128 + 2.63801i
3.52031 - 3.40411i
4.03483 + 5.75472i
9.12276 + 1.72604i
1.17604 - 0.417381i
-5.35905 + 3.40886i
0.252188 - 2.52014i
-6.9764 - 5.32178i
1.85468 - 4.93704i
2.26792 + 3.34872i
9.76345 + 2.82243i
-10.8588 + 1.53132i
-2.84295 - 7.4112i
3.38159 - 1.90712i
0.719048 + 1.46319i
5.43721 - 4.39706i
-1.4797 + 14.2286i
-2.78542 - 1.92093i
-8.65869 - 4.39192i
10.244 + 4.10632i
-5.15901 + 1.18129i
-5.94153 - 9.49697i
0.170647 + 0.352022i
2.72373 - 10.8054i
-6.21064 - 7.76968i
-1.655 - 1.23423i
11.618 + 2.20548i
-0.0651489 + 2.16154i
6.38282 - 7.32712i
2.98927 - 0.675175i
2.0182 + 1.48654i
-1.39348 - 12.9698i
1.39489 - 2.44793i
7.19284 + 1.56794i
0.572385 - 0.320115i
-8.81208 + 3.33758i
-8.87005 - 0.00328648i
6.59171 + 2.34656i
-1.48835 - 3.00554i
9.6793 + 0.691863i
4.34163 + 6.85158i
8.01559 - 1.24254i
5.30867 - 1.00324i
2.426 - 3.10899i
5.25156 - 7.71315i
-8.75686 - 8.71569i
-2.34259 + 1.78073i
-5.4606 - 6.05482i
-6.67916 - 2.61626i
-4.26395 - 13.321i
-7.60282 - 1.54417i
-3.82992 - 6.01151i
-1.49061 - 1.62669i
3.21757 - 6.61823i
0.219849 + 7.04407i
1.38409 + 0.641216i
-5.71027 - 9.60577i
4.37485 + 0.992259i
-1.52082 + 3.93907i
-8.01235 + 1.61186i
-1.85355 + 9.73344i
4.5697 + 4.69834i
0.769201 + 5.40773i
9.031 + 6.00676i
-3.92322 - 0.447677i
-5.21681 - 4.04377i
7.04874 + 3.95111i
-9.6167 + 6.25891i
-6.65461 + 0.450915i
4.1102 - 0.510864i
-4.10476 + 2.32691i
-0.740115 + 3.21481i
-5.17178 - 3.24847i
2.47291 - 1.20448i
3.60412 - 7.18841i
5.3213 + 0.99987i
-3.10571 - 1.75539i
-1.15974 - 5.05644i
6.66545 + 3.5978i
-1.25955 + 0.0902712i
-10.8956 + 3.34757i
-2.91313 + 0.908934i
6.34811 + 5.05409i
-1.09629 + 4.56993i
-0.974331 - 6.07492i
-3.19609 - 0.477419i
-1.10331 - 6.29158i
-0.890768 - 0.240505i
7.54636 + 0.390029i
-1.16087 + 3.80837i
-7.18967 - 4.90265i
-0.619997 - 1.35447i
-5.5654 + 0.8417i
-3.35516 + 6.14277i
4.83843 + 7.92854i
5.91745 - 1.10333i
-8.38208 - 6.40725i
7.25495 + 9.36501i
4.59877 - 14.7386i
-1.85686 + 8.04327i
0.132134 + 0.0285187i
3.6282 + 6.50519i
1.74609 + 4.66371i
1.50381 - 0.2418i
-6.82914 - 5.62084i
-0.66694 + 14.0236i
-1.00912 + 0.669454i
2.65015 + 0.369062i
-1.14744 + 1.47054i
7.89902 + 5.59034i
5.07926 + 4.39588i
4.3108 + 0.612221i
-4.74991 - 0.540329i
3.6464 + 9.29384i
-4.81758 - 0.143923i
-5.50948 + 4.51544i
-6.52899 + 4.12341i
-1.45863 + 6.56109i
4.74086 + 1.46244i
1.23199 - 1.60966i
-3.1735 - 7.05831i
-7.45572 + 3.64811i
-0.0188548 - 1.82542i
-2.80597 - 5.16642i
3.50029 + 1.71508i
-8.46989 - 0.799841i
-2.77104 + 3.05726i
-9.05183 + 1.73951i
-0.0339489 + 1.7708i
-0.840563 + 12.3467i
3.22817 + 6.26073i
-0.992684 + 3.3956i
-1.60892 - 1.30621i
1.95007 + 0.406426i
-1.92516 + 7.94658i
4.75517 - 1.73734i
-3.28083 - 2.0803i
-0.00270355 + 4.39071i
-1.91963 - 3.7859i
-6.72488 - 4.68549i
1.45252 + 5.59764i
2.15628 - 2.73366i
-0.45845 - 8.18583i
11.5361 + 0.25169i
6.91332 + 3.58931i
5.12326 + 3.32734i
-3.13284 + 0.928103i
9.81452 - 4.02661i
1.25005 - 6.84491i
-9.53476 + 1.7994i
2.74231 - 3.88119i
-5.26297 + 8.33585i
-2.68366 - 0.192158i
-2.84364 - 10.3294i
2.41767 - 3.17785i
-3.43977 + 3.18857i
5.10623 - 3.50236i
-9.08188 - 3.42824i
-0.848918 + 8.96543i
-3.42986 - 6.16579i
-2.94443 - 10.3271i
-3.18627 - 2.4361i
5.82858 + 11.6901i
0.693556 - 2.44436i
-1.65463 - 7.07637i
0.778861 - 0.623702i
-16.0783 - 2.6951i
1.54309 + 2.61446i
8.13693 - 11.4297i
-0.318789 + 8.19692i
-6.74754 - 4.11606i
-2.48403 - 4.48867i
0.0123103 + 2.46165i
6.53153 + 1.03612i
6.26865 - 12.3342i
-0.187191 + 1.17915i
1.07356 - 6.96693i
5.19649 + 2.74646i
-4.34921 - 4.33648i
3.25126 - 1.48146i
-3.99652 - 0.412319i
3.51198 - 1.63491i
-3.15998 - 3.48895i
-9.64623 - 0.0307837i
-2.19549 + 3.66909i
-0.646547 - 6.83254i
0.772437 + 0.123862i
-1.84493 + 8.01344i
-5.24832 - 0.778654i
3.31858 - 2.34312i
0.222566 - 2.45708i
1.05675 + 0.518911i
-5.11497 - 1.58813i
0.871912 - 2.94389i
3.19932 - 0.14621i
6.01451 - 1.21712i
-4.87974 - 0.928924i
-12.1409 + 8.26883i
-4.21508 - 12.1833i
-4.34186 - 4.32723i
0.322552 - 0.516128i
4.2989 - 2.1571i
0.574774 + 4.27095i
-2.76763 + 2.37052i
6.25642 + 3.53738i
1.40501 + 6.25882i
-2.40585 + 3.34467i
4.99892 + 5.15352i
1.80707 - 5.06601i
-10.7676 + 4.21475i
-0.0943027 - 3.14455i
-0.750246 - 0.405783i
4.20757 - 0.898981i
1.73347 + 7.66535i
-5.69689 - 3.86733i
11.9417 + 10.8638i
0.313425 - 2.31954i
-9.5622 + 1.93415i
3.72036 + 8.76634i
2.44775 + 7.142i
-0.140326 - 2.3359i
-9.15069 + 8.29068i
-14.1984 + 1.26922i
11.3108 + 6.89187i
6.70741 + 2.0975i
1.91863 - 4.70119i
4.95558 - 3.53272i
-1.90817 + 0.00620568i
4.15638 + 3.12689i
-3.59508 + 2.12809i
-9.01651 - 4.33201i
1.97375 + 12.2514i
-3.76024 + 2.11124i
-0.208797 - 0.784192i
4.71338 + 1.29885i
8.22178 + 5.46796i
0.640106 + 0.0529561i
-0.0366399 - 0.127461i
2.39891 + 0.548528i
-5.13687 - 4.34702i
-2.67447 - 4.09297i
1.07005 + 6.74453i
-4.59569 - 2.169i
-9.99646 - 3.04111i
0.382093 - 2.76398i
-2.14529 + 3.55404i
3.39434 - 2.3694i
-3.09635 + 9.67378i
-4.97889 + 5.24835i
2.44764 - 3.30673i
0.859008 + 11.44i
-5.75535 + 11.1374i
1.03096 - 12.0934i
2.51649 + 2.81468i
1.1845 - 9.44362i
-8.05317 - 1.14063i
4.77376 - 4.4943i
3.93903 + 0.923578i
-2.99541 + 6.12474i
-3.67528 - 1.27532i
2.83543 + 2.44236i
1.72345 - 10.5914i
-7.85254 - 3.96551i
-3.62722 - 4.24942i
-0.0192883 + 0.665788i
-3.0328 + 4.48174i
-8.76601 + 2.1685i
4.22837 + 0.00152349i
-2.55222 - 4.94785i
3.43563 - 3.52095i
4.15988 + 4.37244i
1.58128 - 3.85882i
-6.25842 - 5.48446i
-1.13175 - 1.29097i
1.49938 + 0.977833i
-1.20077 - 8.58221i
4.8409 + 5.04204i
-7.96176 - 4.30401i
-0.967871 - 0.978076i
1.56149 + 1.47379i
-3.29907 + 7.55384i
-2.64157 + 0.995352i
0.653747 + 10.8i
4.0703 - 0.652529i
0.750814 - 5.49586i
4.08689 + 4.86621i
0.543496 + 7.07816i
0.61416 + 1.39425i
3.67696 + 2.85615i
-3.95981 + 5.15259i
-3.15909 - 5.4241i
-1.97818 - 2.15544i
-7.92059 + 4.16256i
-7.22826 - 5.14976i
-0.950071 - 0.210299i
-1.52413 - 9.33054i
-8.09363 + 13.2245i
-0.193815 - 5.34642i
6.21436 + 9.48644i
-1.73731 + 0.711928i
3.42306 - 2.0383i
-1.73329 - 5.07556i
-4.30475 - 0.00965977i
-2.71222 + 0.30381i
10.71 - 2.49621i
0.982425 - 0.801305i
-6.03315 - 1.26882i
-0.843907 - 1.86459i
-0.349962 - 4.9771i
0.862056 - 8.3447i
-4.54655 + 3.48854i
5.05452 + 0.882099i
3.46406 + 0.360149i
5.70374 + 0.816427i
8.59498 + 2.9244i
-11.38 + 2.34034i
6.01333 + 8.58026i
4.63523 + 2.51239i
8.15583 + 0.842004i
11.2258 + 7.68213i
0.13394 - 5.9741i
0.714454 - 0.751361i
-3.02332 + 8.41317i
4.33415 - 0.457685i
-4.57855 + 0.341023i
-4.86615 - 1.14073i
-3.70696 - 3.68763i
-5.08396 + 1.0792i
3.71542 - 3.79i
-0.448723 + 3.5195i
3.60893 - 9.16806i
-3.97697 + 3.81708i
1.16313 - 2.37897i
2.45234 + 0.207077i
0.450486 + 4.22803i
2.11518 - 4.21232i
1.5773 - 7.68863i
-2.99214 + 3.61969i
-3.74012 - 7.21207i
2.74303 + 5.22655i
3.8579 + 2.20889i
3.64914 - 3.78945i
3.09613 - 4.19319i
0.0579286 - 6.9591i
-0.145903 + 2.7475i
0.200388 - 1.23992i
-2.38987 - 2.20672i
-5.37918 + 2.725i
5.01935 + 0.494138i
-2.31486 - 5.92337i
6.27971 + 0.966363i
-2.50161 + 3.19549i
-5.0046 - 11.7812i
-4.42688 - 0.425269i
-9.43034 - 6.44111i
5.21153 + 7.17426i
2.95818 - 2.26306i
5.21819 - 8.67886i
1.08764 - 4.03552i
1.71622 + 3.19456i
-14.2874 + 2.34407i
-7.58955 + 7.6396i
5.86233 + 4.84086i
-1.66591 - 3.79112i
-0.789137 + 3.20308i
-8.24748 - 5.90719i
3.28941 + 6.98262i
2.47706 + 6.70916i
2.90176 + 6.93286i
-3.18481 + 3.01844i
-0.812737 + 0.546116i
-2.17232 - 4.6845i
3.8031 + 1.09434i
2.63622 + 0.154408i
-3.25089 - 0.820487i
1.79094 + 1.47863i
3.88849 - 2.16095i
-1.09219 - 5.07814i
2.38805 - 10.5118i
-0.867618 + 3.71353i
-8.33013 + 0.544101i
6.37828 - 4.09783i
7.54632 - 2.59947i
-1.22352 - 4.90346i
8.13434 + 5.89124i
0.0514674 + 1.84808i
9.94423 - 2.24316i
-0.127699 + 4.37502i
3.72142 + 5.77273i
-5.00309 + 6.20392i
0.071196 - 2.8992i
-5.67169 - 0.927778i
-9.26621 - 0.308388i
-2.13602 - 1.26884i
4.64461 - 13.686i
-0.026594 + 3.58173i
-10.9827 + 7.0583i
-6.79245 + 1.68451i
7.15841 + 5.86232i
0.809797 + 10.2047i
-1.22928 - 2.81195i
4.74138 - 0.0221606i
-9.45667 - 4.91501i
6.68336 + 4.08627i
-0.0530999 - 8.08054i
-3.18951 + 2.4068i
-4.11268 + 3.19347i
-3.46507 - 0.221701i
-7.14141 + 1.88921i
-0.0399259 + 13.1964i
-2.13761 - 1.92698i
0.433386 - 12.5335i
1.28276 + 4.55035i
4.42293 - 10.4859i
3.29736 + 1.24446i
5.28966 - 4.38926i
5.74269 + 0.965357i
-1.22285 - 8.78727i
7.61762 - 0.473898i
-1.69839 - 2.71568i
-1.40076 + 3.42606i
-2.30424 + 0.598158i
4.5416 + 6.59699i
5.60552 + 3.32939i
0.568118 + 2.50527i
4.31283 + 10.4771i
6.09429 + 0.893972i
-0.64547 + 9.66992i
-0.629457 + 0.479205i
-2.75171 + 6.85348i
9.78652 + 0.154691i
3.94338 - 2.53029i
-5.62347 + 4.1794i
-6.51358 - 5.11007i
-4.91418 + 3.81238i
-7.81434 + 5.76866i
0.885214 - 5.58611i
4.23267 + 7.68034i
3.03449 - 19.0159i
2.8685 + 6.97985i
0.343157 + 7.17955i
5.76374 - 1.2337i
-5.76073 - 2.00248i
4.40475 - 4.3538i
-1.78993 - 5.98055i
11.358 - 8.21538i
4.32272 - 3.42988i
-5.01362 + 5.20434i
-3.04944 - 2.6489i
-0.250052 - 4.08135i
-1.00662 - 12.2954i
1.44135 + 1.00762i
3.71752 + 5.17052i
-4.04975 - 3.7704i
1.93954 - 6.11624i
-1.96334 + 0.941913i
-3.75796 + 0.53671i
-1.72451 + 6.80966i
-6.32233 + 0.29813i
-2.50185 - 6.22659i
3.45215 - 3.85838i
-1.50238 - 6.11527i
-3.94197 - 6.14928i
9.08588 - 7.12399i
8.09474 + 6.55688i
4.31383 + 0.141955i
-12.2046 + 7.65406i
-1.84823 - 0.17882i
-2.56294 + 3.09092i
1.10573 - 4.37691i
-10.1822 - 1.45124i
2.0578 + 9.21239i
11.3149 - 5.86361i
6.71497 + 2.65399i
-4.36069 + 0.559133i
-4.68117 - 1.19832i
4.42068 - 5.05034i
-0.897625 - 14.4731i
5.75237 + 0.614569i
4.8325 + 6.00278i
9.63757 - 2.20507i
-3.09208 - 1.17446i
0.407863 + 1.18724i
-2.75947 + 1.41022i
-15.0059 - 14.6615i
4.35016 - 1.39378i
-1.11578 + 6.44477i
0.536098 + 7.35441i
10.9532 - 8.84562i
8.85276 - 4.21579i
5.83003 - 5.31551i
0.268293 - 1.7269i
-9.19364 + 0.383639i
6.57997 + 5.34306i
-5.75905 - 5.31236i
0.249006 - 0.650322i
4.49073 + 0.569346i
2.43206 - 0.0345616i
-2.49268 + 5.17381i
3.42272 + 4.1895i
1.98348 - 2.95743i
-4.43905 - 1.45688i
2.34118 + 2.98842i
0.727808 - 2.01749i
5.09134 + 4.80934i
9.5455 - 1.5665i
-0.962388 - 6.14711i
0.900263 + 4.06566i
6.55081 + 1.17133i
-4.61407 + 2.01604i
2.73576 - 4.21402i
7.43333 + 3.35308i
-0.24496 - 5.27529i
2.11667 - 10.7256i
-2.30858 - 3.49935i
1.69298 - 1.44034i
-5.38579 - 8.03139i
-2.79348 + 1.52562i
4.53909 - 1.89577i
-7.8109 - 5.72714i
4.81452 - 2.79943i
9.5631 + 3.23029i
-3.81595 + 6.32304i
-4.36943 - 0.518365i
1.62571 - 6.15848i
0.0587475 + 1.80024i
-0.308468 + 6.56059i
-0.927114 + 9.61572i
5.80348 + 7.40264i
3.341 + 18.4667i
6.61842 - 1.01948i
2.47026 + 3.7557i
8.30234 - 3.18346i
4.94774 + 3.30705i
-3.06561 - 10.601i
3.10433 - 3.97276i
-3.10254 - 9.5435i
1.2335 + 3.39911i
6.05604 - 4.50746i
4.47744 + 3.18596i
-9.22492 - 0.756233i
-8.6985 - 3.81545i
6.49681 + 0.498386i
-7.19143 + 0.463886i
0.0732586 - 0.512115i
-3.9721 - 3.54379i
6.47651 - 0.759735i
7.84484 - 0.220178i
5.40659 + 0.553223i
0.560444 + 5.48795i
10.7377 - 1.09784i
-1.89862 + 7.87805i
4.41152 + 7.94175i
8.97545 + 1.58573i
-5.35105 + 3.55279i
3.1852 + 4.1424i
3.64716 + 0.235357i
2.08655 - 4.38087i
-2.03628 + 11.7471i
-10.5673 - 3.8556i
-9.85107 - 5.60719i
0.857171 - 2.71011i
1.09682 - 2.0136i
-7.47087 + 1.18525i
-10.5346 - 5.46951i
-5.22947 + 5.53937i
